Gene_Name	Site.position	Ratio_2h	Ratio_6h	Ratio_12h	Ratio_18h	Ratio_24h
ESYT2	654	NA	0.260930487672984	0.035215762305661	-0.446950572998997	0.468485223582572
ADD1	12	-0.071476512269888	NA	0.10982831292078	-0.091748960540606	-0.0846043760881102
HCFC1	6	-0.25722287838847	-0.0189904667668013	-0.240689026937848	-0.542795655347961	-0.85375166990788
ABI1	178	-0.0659460379030447	0.061232276149013	NA	-0.066247576146391	-0.119178347053411
TP53BP1	299	-0.197942296539936	-0.138313220742338	0.576823819158691	0.325558658000364	-0.277462209518603
TP53BP1	371	0.178057703460064	NA	0.260823819158691	-0.106441341999636	-0.0224622095186031
TP53BP1	384	0.212057703460064	0.453686779257662	-0.321176180841309	-0.270441341999636	-0.317462209518603
TP53BP1	385	0.015057703460064	-0.124313220742338	0.247823819158691	-0.146441341999636	-0.000462209518603096
TP53BP1	505	0.219057703460064	0.345686779257662	0.105823819158691	0.043558658000364	0.109537790481397
TP53BP1	835	0.289057703460064	0.345686779257662	0.203823819158691	0.209558658000364	0.425537790481397
TP53BP1	1061	0.036057703460064	0.920686779257662	-0.252176180841309	0.103558658000364	-0.0364622095186031
TP53BP1	1118	NA	NA	0.135823819158691	0.165558658000364	0.0085377904813969
TP53BP1	1119	NA	-0.092313220742338	-0.580176180841309	-0.233441341999636	NA
SYNRG	997	0.0607920324938865	NA	-0.091542226452231	-0.128269715073127	-0.431660943636712
SYNRG	1059	NA	0.158626650589958	0.300457773547769	0.293730284926873	-0.102660943636712
MATR3	188	-0.0154230373684794	-0.00842207389821539	0.128925909292757	-0.104287431831471	-0.177073455761897
MATR3	195	-0.0684230373684794	0.185577926101785	0.168925909292757	-0.146287431831471	-0.231073455761897
LRRFIP2	96	-0.586848776559811	-0.294221344217204	NA	-0.116498030701065	NA
BAG6	113	-0.288877460311467	-0.0265692908410016	-0.0049498590834013	-0.501446190335661	-0.817549500765178
BAG6	967	0.0771225396885326	-0.0135692908410016	-0.339949859083401	-0.256446190335661	-0.128549500765178
BAG6	1111	NA	-0.169569290841002	-0.177949859083401	-0.402446190335661	-0.708549500765178
NRD1	94	-0.0875264085518759	NA	0.0253587626778102	-0.143230405854082	-0.608669665209555
ARHGEF7	79	-0.255419079369355	-0.103173143751081	0.010294824835035	-0.119826817089122	-0.22320237670007
NAP1L1	10	0.0268520058474934	-0.0264919747406243	-0.106800686474985	-0.798811776688522	-0.124651680494853
NAP1L1	62	0.0298520058474934	-0.338491974740624	NA	NA	NA
NAP1L1	64	0.0068520058474934	-0.219491974740624	-0.229800686474985	NA	-0.062651680494853
HDAC2	394	0.255339046008162	0.149684946091505	0.221226530524093	0.192889746973721	0.133922901536979
EIF3F	255	NA	NA	NA	-0.0695174236687938	0.204745190197138
EIF3F	258	0.180198821805149	0.211417546835092	NA	NA	-0.274254809802862
MRE11A	648	0.0938114056938098	-0.0409694281451583	NA	NA	NA
WIZ	201	-0.0424666297197793	-0.156102712801028	-0.019436417624997	-0.263643403353359	0.206229908987046
CANX	562	0.0396743627633925	-0.0529056464261267	0.0435054363636297	-0.035630853383778	0.0780432761716569
CANX	583	0.116674362763392	0.148094353573873	NA	NA	NA
MAP1S	703	-0.410762450806395	NA	NA	-0.490815624140277	-0.156081730851205
MAP1S	705	-0.267762450806395	NA	NA	0.429184375859723	0.527918269148795
MAP1S	733	-0.113762450806395	0.037913081643265	-0.384000964153582	0.429184375859723	0.329918269148795
RPS6KB1	394	-0.321008087075397	0.4147174628936	NA	0.199756562304665	-0.090451056919224
PPP1R12C	378	-0.635739839172352	-0.584427002215525	-0.200074668370306	-0.367071698952367	-0.345494383422945
SFRS2	22	-0.045423542986627	0.123695931709089	0.0867929888493032	NA	-0.0345481189143394
SFRS2	23	-0.195423542986627	-0.0503040682909113	0.188792988849303	-0.110279883552672	0.0554518810856606
SFRS2	25	NA	NA	0.139792988849303	-0.184279883552672	NA
SFRS2	26	0.078576457013373	NA	0.0207929888493032	0.355720116447328	-0.0635481189143394
EIF2A	478	0.201572311593622	NA	-0.001814234953437	-0.035998325410962	-0.050986111474943
EIF2A	481	0.044572311593622	-0.0302898359347343	-0.092814234953437	0.051001674589038	1.38885250569876e-05
SRPK1	35	-0.0126803208045871	0.140020769948411	NA	NA	NA
LSM14A	175	0.109627538589906	-0.118049742304576	NA	NA	-0.173089592195524
IKZF2	78	0.0071383043935417	-0.392876357534706	NA	-0.225282789492707	NA
IKZF2	79	0.0071383043935417	-0.392876357534706	NA	-0.225282789492707	NA
HNRNPC	107	0.545115485081262	0.539957276977024	NA	NA	NA
HNRNPC	108	NA	NA	-0.0337406693586135	-0.0841840782989121	0.652898493734175
RDBP	49	0.310623941363856	0.096369914474777	0.224009441351161	0.364302621345141	NA
XRN2	423	-0.108235346399025	-0.137413907645974	NA	NA	NA
XRN2	425	-0.108235346399025	-0.137413907645974	NA	NA	NA
COPB2	830	0.249326147664085	0.0118506119569266	0.089811586298767	-0.022462856155442	0.130621602825392
COPB2	832	-0.128673852335915	0.0168506119569266	-0.058188413701233	NA	0.127621602825392
RABGEF1;KCTD7	389	0.21568752423464	0.779469017368442	NA	NA	NA
TKT	228	0.486362288449689	NA	0.31926018270914	0.0888156273005288	0.360558897449116
MST4	4	0.206199922943498	0.125644337408494	-0.0836687815883117	-0.399752488852625	-0.0712633332637641
C2orf49	142	-0.307875046871633	0.247745072345532	NA	NA	-0.211689890963174
PRPSAP2	141	0.102195629681652	0.361633819397269	0.199676270959812	-0.011100194779533	0.216870947119154
USP24	1887	-0.0791448186025239	-0.34180971092793	NA	NA	NA
HNRPLL	35	-0.318541680227589	-0.271395750674079	-0.045724216584313	0.0341008624435633	-0.0335190469501943
RANBP3	40	0.152371378778276	0.0704826869833911	NA	NA	NA
RANBP3	260	-0.270628621221724	-0.355517313016609	-0.480358209213549	-0.546716020959078	-0.269339892508778
SEC31A	760	-0.0894759343078007	-0.00185140281991709	0.096779158048019	-0.0155615110844987	-0.191818827419694
SUMO1	2	-0.0968616956064583	-0.0601291352752547	-0.0363836209326514	0.0407790297705712	0.075116159533725
USP39	82	-0.0049118306678122	-0.045518851017692	0.31192617444427	-0.250413952931404	0.005460486274336
GARNL1	797	NA	-0.638968640066459	-0.243132867964314	-0.397784158725256	NA
APEH	187	-0.0816578204828142	-0.156259514914517	NA	NA	NA
CHCHD3	46	0.0998806535912965	0.063859657922056	NA	0.764355277616421	1.08794621190532
CHCHD3	49	-0.133119346408703	-0.035140342077944	0.0656941113038451	0.520355277616421	2.37994621190533
CCM2	287	-0.144744333831696	-0.0988282164884807	NA	NA	NA
PRKA2	201	NA	-0.300950966638551	-0.036511114516124	NA	NA
EIF4G2	508	NA	-0.219242571113747	-0.121103156785153	NA	-0.089975896857725
EIF4G2	902	0.062998467355007	-0.196242571113747	-0.153103156785153	-0.346554019696199	0.092024103142275
FAM169A	575	NA	-0.02084190631523	0.248497464199445	NA	-0.311004016418594
STX18	187	NA	NA	NA	-1.55899654886108	1.00943060049775
ACIN1	185	-0.0391808194239509	0.249189540900819	-0.476755679697114	0.126120240124133	NA
ACIN1	196	0.166819180576049	-0.0758104590991811	0.0092443203028864	0.153120240124133	-0.0628547788617935
ACIN1	326	-0.0861808194239509	-0.131810459099181	0.185244320302886	0.368120240124133	0.280145221138207
ACIN1	350	-0.144180819423951	0.0951895409008189	NA	NA	NA
ACIN1	352	NA	NA	NA	0.0841202401241334	1.08614522113821
ACIN1	356	-0.000180819423950901	0.0061895409008189	NA	NA	0.0371452211382065
ACIN1	420	0.0888191805760491	-0.325810459099181	NA	NA	NA
ACIN1	424	0.101819180576049	NA	-0.0127556796971136	0.0061202401241334	NA
ACIN1	432	0.255819180576049	-0.176810459099181	NA	NA	NA
SMN1;SMN2	25	-0.221518348818923	-0.0362340627040044	0.2856405139276	0.897720652895284	NA
SMN1;SMN2	28	-0.182518348818923	-0.363234062704004	0.0436405139276	0.385720652895284	NA
ZC3H18	558	-0.0806956261820075	-0.152064272101612	-0.025396049350232	-0.149830995786654	-0.112875666338835
PCM1	65	-0.304237891810821	-0.611482753801524	NA	NA	NA
PCM1	1676	0.124762108189179	0.132517246198476	NA	NA	NA
PCM1	1711	0.124762108189179	0.132517246198476	NA	NA	NA
PCM1	1714	-0.0322378918108208	-0.0514827538015238	0.159923027184792	0.0083063115553007	0.11826186658765
EIF4G1	1067	0.0483261476640852	0.217630756335508	0.220328120695282	-0.097770407576811	-0.528978948583052
EIF4G1	1432	-0.152673852335915	-0.124369243664492	NA	NA	NA
MAP4	297	-0.000808750437376993	-0.0696242954610238	-0.164799696517625	-0.741206923731434	-0.738084012241632
MAP4	299	0.074191249562623	-0.0916242954610238	-0.325799696517625	-0.004206923731434	NA
MAP4	538	0.126191249562623	-0.424624295461024	-0.462799696517625	-0.079206923731434	0.204915987758368
MAP4	2073	0.002191249562623	0.144375704538976	0.200200303482375	NA	NA
MAP4	2218	0.056191249562623	0.0133757045389762	0.0542003034823751	0.194793076268566	0.236915987758368
PRPF3	570	-0.116727254592492	0.013087052116302	NA	NA	NA
CSTF2	507	-0.309648158212225	-0.198929477025927	-0.579079590406936	-0.16179617267016	0.0848036876570852
NACA	82	0.0385308797801139	0.0450417791909853	0.249362552827735	0.154668499523086	0.081078456498626
NACA	87	NA	NA	0.198362552827735	0.00766849952308599	-0.228921543501374
PPHLN1	133	-0.158180783337709	-0.262612927257581	-0.107017133784286	-0.214262017605922	-0.053989832683568
PTPRC	812	-0.226745606581247	0.040262537220406	0.087242224869615	0.173282215801686	0.274794291861087
SRRM1	220	0.101458319772411	-0.09537881987762	-0.047863393308704	-0.0060875439703271	-0.103137702091312
SRRM1	260	-0.107541680227589	0.19962118012238	0.397136606691296	0.431912456029673	0.219862297908688
SRRM1	389	0.040458319772411	-0.13337881987762	0.175136606691296	NA	0.403862297908688
SRRM1	391	0.040458319772411	0.0866211801223799	0.137136606691296	0.340912456029673	0.215862297908688
SRRM1	426	0.033458319772411	-0.13337881987762	0.135136606691296	0.352912456029673	0.201862297908688
SRRM1	431	-0.125541680227589	0.0666211801223799	NA	NA	NA
SRRM1	781	-0.102541680227589	0.0666211801223799	NA	NA	NA
SRRM1	787	-0.259541680227589	0.12962118012238	NA	NA	NA
SRRM1	789	-0.00854168022758899	0.04662118012238	0.054136606691296	0.0269124560296729	0.130862297908688
SRRM1	790	-0.134541680227589	-0.11737881987762	-0.047863393308704	-0.0590875439703271	-0.0191377020913121
SRRM1	793	0.021458319772411	-0.0943788198776201	0.001136606691296	0.480912456029673	0.135862297908688
PDPK1;PDPK2	214	0.643861451488449	-0.322074148140629	-0.248233949044338	NA	-0.079243251550975
MAP1A	896	0.0089004021100788	NA	0.193469004331677	-0.652017049657129	-1.12035695181315
MAP1A	1069	-0.258099597889921	0.152838880666671	0.503469004331677	-0.016017049657129	-0.186356951813154
MAP1A	1797	-0.248099597889921	NA	0.038469004331677	0.550982950342871	NA
MAP1A	1801	-0.0030995978899212	0.154838880666671	NA	NA	-0.123356951813154
MAP1A	2022	NA	-0.0971611193333295	-0.101530995668323	NA	NA
RBM6	780	0.0395606248726255	0.0249153677076859	NA	NA	NA
FNBP1	294	0.116805336079035	0.208943829970167	NA	NA	NA
RPS6KA1	129	-0.379204271855961	NA	0.218198337725916	0.430555797779925	-0.03819434807697
DPM1	9	-0.0354897191115023	-0.17426868981156	-0.153034924353814	-0.419858139727753	-0.154835220774971
SSFA2	739	0.353237182375694	-0.32179055881249	NA	NA	0.042949348961856
BCLAF1	175	-0.129254536418601	-0.0567021584043532	0.0317794125612347	-0.0029979534554795	0.324642437934493
BCLAF1	194	-0.134254536418601	-0.129702158404353	-0.0012205874387653	-0.0069979534554795	-0.0493575620655072
BCLAF1	196	-0.118254536418601	-0.0627021584043532	NA	NA	NA
BCLAF1	381	-0.099254536418601	-0.135702158404353	-0.0492205874387653	-0.0509979534554795	-0.0543575620655072
BCLAF1	395	0.002745463581399	NA	-0.194220587438765	-0.0699979534554795	-0.341357562065507
BCLAF1	400	NA	-0.359702158404353	-0.355220587438765	NA	NA
BCLAF1	510	0.00674546358139901	-0.260702158404353	-0.195220587438765	-0.49699795345548	-0.512357562065507
BCLAF1	656	0.453745463581399	0.608297841595647	NA	NA	NA
BCLAF1	837	-0.152254536418601	-0.133702158404353	-0.198220587438765	-0.0239979534554795	NA
PPP6R3	571	0.187870864724745	0.153491749039879	0.0228701329410572	NA	NA
PSMC3	9	NA	NA	-0.469913823500671	-0.182719488852707	-0.143601211124589
HSF1	238	0.100624476747035	-0.0140375465515616	0.317469017368443	0.368884288691543	0.136362552827735
HSF1	258	0.278624476747035	0.169962453448438	0.304469017368443	0.614884288691543	0.317362552827735
UBXN1	195	NA	NA	0.178767480378705	-0.0452311349054282	-0.291215994355501
UBXN1	196	0.212306467383169	-0.0863808609918473	-0.0692325196212951	-0.176231134905428	-0.306215994355501
EEF1D	578	0.254721167243654	0.310409474112953	NA	NA	NA
XPO4	521	NA	-0.126378142148481	-0.250635918153197	-0.532839628963624	NA
ATF7IP	113	0.0027268607271551	0.125557531427576	0.228142240625298	0.196627747659005	-0.056755346607701
MED24	849	NA	-0.221883840466275	0.199223341173871	NA	NA
PRPF4B	73	-0.0928326936995734	-0.328995244065436	NA	NA	NA
PRPF4B	79	-0.0928326936995734	-0.328995244065436	NA	NA	NA
PRPF4B	838	-0.102832693699573	-0.101995244065436	0.0229060767336222	-0.204349969946596	0.112108649401174
EIF3J	11	NA	-0.398575428714314	0.104883046521989	-0.00952814878994056	-0.0342556909903916
EIF3J	13	-0.135227520814596	-0.0775754287143136	0.187883046521989	-0.0835281487899406	-0.162255690990392
EIF4G3	99	NA	NA	NA	0.073903874634519	0.095656736859173
TUBA1C;TUBA1B	48	-0.636363363891263	-0.449652827740747	-1.43311603432152	-2.02738515924489	-2.35930409816962
CLASP2	808	0.029414453390042	-0.281314469999379	NA	NA	NA
RPTOR	3	-0.416774707497541	NA	NA	-0.076410097363999	-0.068179164289587
RPTOR	22	-0.227774707497541	0.350174416924317	0.0571925607970747	-0.514410097363999	NA
RPTOR	564	-0.476774707497541	0.0131744169243166	NA	NA	NA
RPTOR	705	-0.367774707497541	0.0651744169243166	0.160192560797075	-0.095410097363999	-0.567179164289587
RPTOR	719	NA	NA	0.318192560797075	-0.493410097363999	NA
RPTOR	725	-0.227774707497541	0.350174416924317	0.0771925607970747	-0.421410097363999	NA
NAP1L4;NAP1L4b	5	-0.0136609539918379	-0.167274351124647	-0.812747959410134	-1.15279626602691	-0.93136540166252
NAP1L4;NAP1L4b	7	0.153339046008162	-0.0332743511246467	-0.214747959410134	-0.177796266026907	NA
NAP1L4;NAP1L4b	12	0.0613390460081621	-0.0932743511246467	NA	NA	NA
NAP1L4;NAP1L4b	51	-0.0696609539918379	0.0847256488753533	0.173252040589866	NA	NA
NAP1L4;NAP1L4b	121	0.115339046008162	0.178725648875353	0.193252040589866	0.290203733973093	0.0826345983374798
NAP1L4;NAP1L4b	125	NA	NA	-0.0307479594101339	0.240203733973093	0.29963459833748
DSTN	3	-0.030169705907528	-0.100736794516481	NA	-0.437497627581064	NA
PDE12	219	NA	-0.129440904868396	-0.170593974119204	0.137432826120347	NA
CAD	1796	0.63164018077877	0.0634654367703005	-0.201832693699573	-0.343671864997798	-0.084042118612899
LIMA1	202	0.278734859081655	0.240650271732967	NA	0.470775697356127	NA
LIMA1	329	0.292734859081655	0.003650271732967	-0.70417181383756	-0.539224302643873	-1.11056522493694
DENR	69	-0.142967531411614	NA	NA	-1.60611571130846	-1.89535924561936
DENR	73	NA	NA	NA	-1.72411571130846	-2.06535924561936
SFRS2IP	287	0.312356011783887	0.127750856715837	0.0661347046302154	-0.177990558648839	-0.00412353316341998
SFRS2IP	481	0.105356011783887	0.111750856715837	NA	NA	NA
RGPD1;RGPD2	1519	-0.0277311389261909	-0.373146157836535	NA	NA	-3.3277767574544
C17orf49;BAP18;RNASEK-C17orf49	96	0.00017260925272118	-0.210997039715897	-0.613863650126247	-0.123320416401879	-0.097914670546553
HNRNPA1;HNRNPA1L2	4	-0.0510951315786644	-0.0220810178369482	0.219692867168346	0.0457626693000912	-0.00774807817955581
HNRNPA1;HNRNPA1L2	6	0.0079048684213356	-0.0310810178369482	0.159692867168346	0.218762669300091	0.235251921820444
BAP1	377	0.04670672723719	0.299962656924398	NA	NA	NA
UBAP2L	446	NA	NA	0.106436265825987	-0.0352269309599728	0.004246656683439
UBAP2L	447	0.471103397714807	0.142481563450406	NA	-0.347226930959973	-0.014753343316561
UBAP2L	469	NA	0.174481563450406	0.362436265825987	NA	NA
IGF2BP2	161	1.30969744361387	1.17402215265899	NA	NA	NA
IGF2BP2	162	0.082697443613871	NA	NA	-0.289046633271364	-0.490223489068666
IGF2BP2	164	NA	NA	0.348582567996177	0.251953366728636	0.030776510931334
TLE3	203	0.202304324351908	0.15932766485782	0.311493670555835	0.356361412049941	0.293396589982957
TLE3	285	0.180304324351908	-0.10767233514218	-0.186506329444165	-0.106638587950059	NA
TLE3	328	NA	NA	-0.425506329444165	-0.616638587950059	NA
TLE3	334	NA	0.13232766485782	0.015493670555835	-0.118638587950059	NA
HNRNPC	232	NA	NA	-0.0337406693586135	-0.0841840782989121	0.652898493734175
DDX24	39	-0.128122859149692	-0.191459241228609	NA	NA	NA
CTAGE5	498	0.04230947371938	0.02105150273685	0.0872759280273007	NA	-0.403636390618914
KLC1	547	-0.143391171394899	-0.181628563439239	0.016472754454655	-0.000802731770394902	-0.270794587353606
CDK2	14	-0.405458676451079	NA	NA	0.30602097071437	0.343983426141741
CDK2	15	-0.045458676451079	0.0204545018338391	-0.0445421171667441	0.0420209707143701	0.175983426141741
PAPOLA	23	0.279779158048019	0.244760877852673	NA	NA	-1.14126637255349
CLK3	7	-0.029884384741782	0.051717505723464	0.139207797124554	-0.277146169530219	0.0243992289113827
CLK3	9	-0.206884384741782	NA	-0.0877922028754465	-0.277146169530219	NA
CLK3	15	-0.049884384741782	NA	-0.470792202875447	-0.0491461695302194	-0.0076007710886173
OTUD5	64	0.09863030514344	0.198567477372275	0.031312329815167	0.0616392811480422	-0.0284879534257182
OTUD5	447	0.09163030514344	0.222567477372275	0.087312329815167	-0.0213607188519578	0.0885120465742818
OTUD5	503	0.13263030514344	0.222567477372275	-0.023687670184833	-0.179360718851958	0.146512046574282
HNRNPH1	63	0.233770581090255	-0.1316487081897	0.837754720993743	NA	NA
HNRNPH1	104	0.0597705810902547	0.0413512918103003	-0.0472452790062574	-0.135667729138192	-0.14555828861739
CEP170	532	0.178250932025451	0.207942549622377	NA	-0.196321934382467	NA
CEP170	1064	-0.393749067974549	-0.115057450377623	-0.113813197152154	0.036678065617533	0.322978235803961
TRIM33	863	0.0925486970102381	0.198653185650161	NA	NA	NA
TRIM33	866	0.0925486970102381	0.198653185650161	NA	NA	NA
C6orf108	12	-0.0248157424559962	0.129391431143088	-0.22905711165691	0.118612003781239	NA
N4BP2	863	-0.382713865047778	NA	NA	0.162110514712696	0.325748651234168
YY1	76	-0.0054636467319468	0.210843124433112	0.353915803071445	-0.20912353316342	NA
DUT	7	0.119785760283368	0.0377272775859843	-0.087100338423824	0.0947434417037791	0.020675291833599
DUT	11	0.0487857602833683	0.236727277585984	-0.101100338423824	NA	0.007675291833599
PLCL1	458	0.536928155062359	0.360738519806929	NA	NA	NA
BRD8	255	-0.106105957344299	-0.517221236799899	-0.286185652644124	0.116055167717188	-0.188538469859004
BRD8	259	-0.379105957344299	-0.532221236799899	-0.286185652644124	0.116055167717188	0.107461530140996
CWF19L2	356	NA	-1.24500469937254	NA	-0.05432468349682	-0.443388781521329
ZMYND8	415	0.28172224237454	0.209464066513246	-0.0845174236687938	-0.314637214324167	-0.193129135275255
ZMYND8	474	0.20772224237454	NA	NA	0.208362785675833	-0.209129135275255
ZMYND8	683	0.18572224237454	0.199464066513246	NA	0.363362785675833	0.253870864724745
C19orf29	489	0.140203733973093	0.19714590530007	0.231116159533725	0.325033665299892	NA
DPF2	142	-0.253235218121578	-0.398921030678034	NA	NA	-0.305642969553868
DPF2	176	0.330764781878422	0.183078969321966	NA	NA	NA
RCOR1	124	-0.163426412775891	NA	-0.919028405178566	-0.354251314460476	-1.18183757884938
TOR1AIP1	143	0.584441974173906	0.320526720876682	NA	NA	NA
TOR1AIP1	154	-0.239558025826094	-0.146473279123318	NA	NA	NA
TOR1AIP1	156	-0.239558025826094	-0.146473279123318	NA	NA	NA
TOR1AIP1	157	0.0704419741739063	0.226526720876682	-0.165111715223523	-0.380972105245458	-0.893294069481099
TOR1AIP1	221	0.0324419741739063	0.170526720876682	0.162888284776477	NA	0.215705930518901
SEC16A	2083	0.153365548185419	0.267638912755887	-0.169792011042014	-0.325758414341417	-0.853952616330061
DDX41	21	0.249392990988542	0.199311640022426	NA	NA	NA
DDX41	23	0.249392990988542	0.199311640022426	NA	NA	NA
MYO18A	736	NA	NA	0.49049456500987	-0.094081185447788	-0.000824697172555011
MYO18A	1683	-0.0357137569208901	-0.0820769728152081	-0.11850543499013	NA	-0.383824697172555
MYO18A	1689	NA	NA	NA	-0.425081185447788	-0.057824697172555
HDAC7	321	0.026909122571868	-0.129600765227879	-0.14073405471044	-0.429738105808792	-0.216905945850098
HDAC7	450	-0.156090877428132	-0.106600765227879	NA	NA	-0.375905945850098
HDAC7	456	0.338909122571868	0.0773992347721212	-0.07573405471044	-0.117738105808792	0.049094054149902
SUDS3	234	0.278694235436132	0.085354085029207	0.376817403074721	0.126479727410451	0.274511039799195
SUDS3	236	NA	0.359354085029207	0.501817403074721	NA	0.319511039799195
SUDS3	237	0.194694235436132	0.359354085029207	0.489817403074721	0.126479727410451	NA
MYCBP2	2831	0.387622090303211	-0.297549500765178	NA	NA	NA
PTPN7	63	NA	-0.200365328116627	-0.362668285562619	NA	NA
PTPN7	66	NA	0.089634671883373	-0.371668285562619	NA	0.310173830901477
CDK11B;CDK11A	695	-0.112558025826094	NA	NA	-0.0452518028883166	-0.336558180412586
NSFL1C	114	-0.245939531843616	-0.135655011300368	-0.21147878160425	-0.206469710740434	-0.115876647166555
SUZ12	523	0.0050691500195213	0.180633416985245	0.126134804053023	NA	NA
YTHDC1	308	0.0205815577610846	-0.0811897732871572	-0.436236581376458	-0.439127460824454	-0.553680902248364
MYL12A;MYL12B;MYL9	18	-0.03333161539648	-0.0307283897168938	0.73291109038635	0.111312161527231	1.01794041929667
MYL12A;MYL12B;MYL9	19	0.03966838460352	-0.103728389716894	0.87091109038635	0.172312161527231	1.01794041929667
GIT1	361	0.114595835882683	-0.239291961376491	-0.025515577934916	-0.0652718248829591	-0.004736564548394
GIT1	388	NA	0.00470803862350866	-0.018515577934916	NA	NA
GIT1	410	0.195595835882684	NA	0.166484422065084	-0.183271824882959	-0.782736564548394
GIT1	413	0.150595835882683	-0.283291961376491	NA	NA	NA
EFTUD2	19	-0.34322096848038	-0.106373349410042	-0.339829424265094	NA	-0.322557029238833
PDCD5	81	-0.0449060674022102	-0.181712630488611	NA	NA	NA
TK1	8	0.180763039741274	-1.09952920103831	-0.722847225039655	-0.809495933454101	-0.891168885274205
TK1	17	NA	NA	-0.696847225039655	-1.2104959334541	NA
ARHGEF18	945	-0.216804496846748	-0.169202487776609	-0.236872345726398	-0.083008384387248	-0.306804305267642
EPS15L1	113	-0.137691943843815	-0.033047117118231	NA	0.098836637711551	0.205431641031734
MYO9B	1405	-0.089494159404741	-0.507774639641115	NA	NA	NA
GTPBP1	24	0.144751554455218	0.0822503847022501	-0.750649195871157	-0.247278828844071	-0.800454050153041
GTPBP1	25	-0.0342484455447817	0.0822503847022501	-1.60864919587116	NA	NA
PGRMC1	54	-0.0652614801930712	0.0876999177209515	0.0447418503536487	-0.01887084466607	0.039442607071823
PGRMC1	178	0.0587385198069288	0.200699917720951	NA	NA	NA
SUPT5H	662	-0.139549500765178	-0.335797026646703	-0.0353930380330524	-0.212664282166282	-0.397783881820056
KPNA3	60	-0.0541508921760254	0.080921855034659	NA	NA	NA
MPHOSPH10	167	0.420479982095188	0.555858764699754	NA	NA	NA
MPHOSPH10	171	0.420479982095188	0.555858764699754	NA	NA	NA
NOP56	519	-0.066255079964645	-0.322172084446336	-0.617015336470782	-0.116574335717312	0.149769142761341
NOP56	520	-0.257255079964645	-0.250172084446336	NA	0.259425664282688	0.673769142761341
NOP56	569	0.070744920035355	-0.130172084446336	NA	NA	NA
NOP56	570	0.024744920035355	-0.124172084446336	NA	NA	NA
ARID1A	363	0.0144176059936096	-0.0472549276544679	0.0767192772067705	0.0630631019009207	0.141547964162967
ARID1A	769	-0.0885823940063905	-0.385254927654468	-0.416280722793229	-0.368936898099079	-0.475452035837033
ARID1A	1182	-0.20158239400639	-0.470254927654468	-0.306280722793229	-0.0369368980990793	-0.457452035837033
ARID1A	1184	NA	0.163745072345532	NA	0.184063101900921	0.161547964162967
ARID1A	1204	-0.0245823940063905	0.163745072345532	NA	0.175063101900921	0.224547964162967
ARID1A	1754	NA	NA	0.10771927720677	0.305063101900921	0.102547964162967
ARID1A	1755	NA	NA	0.10771927720677	0.305063101900921	0.102547964162967
AP3D1	829	NA	-0.379709109014977	-0.0011413653644633	NA	NA
SLC9A3R1	280	-0.250314702173079	0.0144561223707686	-0.182745974529499	-0.937359709623118	-0.51382223921089
PPP1R12A	443	-0.182413907645974	-0.260954526150479	-0.0147896038397854	-0.0806651014168916	0.0378184568569598
PPP1R12A	636	-0.168413907645974	-0.228954526150479	NA	NA	-0.0531815431430402
PPP1R12A	637	-0.128413907645974	-0.206954526150479	-0.0297896038397854	-0.102665101416892	0.47881845685696
PPP1R12A	814	0.0855860923540264	-0.191954526150479	-0.0777896038397854	0.355334898583108	0.22381845685696
PPP1R12A	849	0.310586092354026	-0.0379545261504793	NA	NA	NA
FYB	457	0.115927846286277	0.208092060269032	NA	NA	NA
FYB	571	NA	0.222092060269032	0.276124161455129	0.427767519261769	NA
TRIM24	774	-0.305059657361998	NA	-0.243876799007246	-0.204600771088617	-0.489492910459997
TRIM24	777	-0.130059657361998	-0.114162478501553	-0.403876799007246	0.234399228911383	-0.415492910459997
RNF113A	253	0.00386904353100101	0.223983516108957	NA	NA	NA
SGTA	81	0.136636636108737	0.58742143384574	NA	NA	NA
SGTA	301	0.136636636108737	0.58742143384574	NA	NA	NA
SGTA	305	0.301636636108737	-0.0395785661542596	NA	NA	NA
STRN	233	-0.0947452990319717	0.123778448326795	NA	NA	NA
SPAG9	217	0.146046630118415	-0.164759748621653	-0.444424577968176	-0.084482019358479	-0.157146548334673
MCM3AP	527	NA	0.303930487672984	0.477862297908688	0.176453909268651	NA
KDM1A	166	0.229767394686719	0.411850856640822	NA	NA	NA
USO1	942	-0.0508992541191074	0.13945181497969	NA	NA	NA
DKC1	21	-0.443042892603345	-1.39548148609139	NA	NA	NA
DKC1	451	-0.043042892603345	-0.23448148609139	-0.0840611786565625	-0.140080393262674	-0.084385159244889
DKC1	494	0.046957107396655	0.19451851390861	NA	NA	NA
DKC1	497	0.167957107396655	-0.45248148609139	-1.63706117865656	-2.41408039326267	NA
EIF5B	113	-0.133796082878609	-0.258161812126169	0.0297790315196196	-0.228631578218447	0.200083958671253
EIF5B	135	-0.0547960828786093	-0.168161812126169	0.0287790315196196	0.0293684217815534	0.0200839586712525
EIF5B	137	-0.144796082878609	-0.115161812126169	NA	NA	NA
EIF5B	214	-0.144796082878609	-0.115161812126169	NA	NA	NA
NBN	432	0.0203375829656949	-0.112171434692913	-0.00188877306869291	-0.0894409048683956	0.151708602196968
N4BP1	300	-0.025275994858055	0.806141596869017	NA	-0.357728573549117	NA
VPS4B	102	-0.0741346425567467	-0.061430847803229	NA	NA	0.33691106558169
NCOR1	224	-0.137900420223765	-0.246644722383579	NA	0.253944086975786	NA
NCOR1	1195	-0.075900420223765	0.234355277616421	0.166060796905114	NA	0.00836324336041801
NCOR1	2184	0.157099579776235	-0.110644722383579	NA	-0.224055913024214	-0.013636756639582
PSIP1	273	0.0672093614203034	-0.085102635513936	NA	NA	NA
PSIP1	275	0.0672093614203034	-0.085102635513936	NA	NA	NA
SF3B1	211	-0.229953369881585	0.020890007234039	-0.288325637236607	-0.493828827539259	-0.381024623309901
SF3B1	223	-0.0309533698815851	-0.202109992765961	-0.533325637236608	NA	-0.793024623309901
SF3B1	227	-0.00295336988158515	-0.150109992765961	-0.169325637236608	-0.729828827539259	-0.297024623309901
WDHD1	333	-0.409793057130743	0.239622684360503	NA	NA	-0.247593831049835
WDHD1	387	-0.167793057130743	-0.101377315639497	-0.120772707207358	NA	0.565406168950165
EIF3G	41	-0.0149423476587466	0.0990286751718468	NA	0.381321605950093	NA
EIF3G	42	0.172057652341253	0.110028675171847	0.446003278472753	0.209321605950093	0.463957299943324
SASH3	110	0.126202931375824	0.136962547778498	-0.300573431051731	NA	NA
RSL1D1	358	-0.016042892603345	0.068866545311334	-0.222725688678796	0.027629185821228	0.298694581180292
RSL1D1	361	-0.340042892603345	-0.247133454688666	-0.134725688678796	0.226629185821228	0.410694581180292
MTA2	435	-0.422327890360888	-0.872365328116627	-0.513398915175972	-0.963180160521137	-0.895376090269279
USP1	67	NA	0.154465048563729	-0.003567173879653	0.060545198485687	NA
USP1	475	NA	NA	0.036432826120347	-0.613454801514313	NA
TOMM70A	91	0.0877508547927762	0.044897128162539	0.103805435245787	0.0355769626315206	0.0636520524899971
UBXN7	278	-0.0283348877181699	0.169212111426851	0.215415492785577	-0.853715083975813	0.236863432297287
UBXN7	280	-0.0283348877181699	0.169212111426851	-0.011584507214423	-0.853715083975813	NA
UBXN7	288	-0.57533488771817	0.137212111426851	-0.077584507214423	-0.148715083975813	0.058863432297287
SFRS15	134	0.287336571121179	-0.465091010981315	0.0502780536835123	0.126493419248453	0.004893038542887
SFRS15	139	NA	NA	-0.129721946316488	0.115493419248453	NA
FMNL1	184	-0.038346278560185	0.118445980303801	0.298684159853828	-0.025715681201976	0.135438314152786
FMNL1	1031	-0.439346278560185	-0.0895540196961992	-0.015315840146172	-0.100715681201976	0.135438314152786
ASMTL	218	-0.188102635513936	0.171939854556233	-0.15407382555573	0.015586907997724	-0.081044369912607
BRD1	128	-0.0189640645444905	0.191174416924317	-0.308592967327039	-0.66259104481466	-0.829082304760412
OXSR1	339	-0.222371523121698	-0.0303399133457402	-0.179867956330866	-0.327342047818766	NA
LDHA	10	-0.0216939396681235	0.537083958671252	0.339918982163052	0.29819028907207	NA
PGK1	203	-0.0989792300515887	-0.0635202725895487	-0.0945281487899406	-0.117891239946641	-0.0797683576532338
GAPDH	184	0.25900962697616	0.101024982895	0.0102593306413865	0.0262110331559171	0.333242982231881
TP53	15	0.235063396027078	-0.262502430604674	NA	NA	NA
HSPB1	82	-0.288001162887554	0.235742370136349	NA	-0.456308254228663	NA
RPLP1	101	0.0773312184116883	0.260779426496613	NA	NA	0.579684270730997
RPLP1	104	0.113331218411688	0.0567794264966133	NA	NA	0.579684270730997
RPLP2	102	0.0980654922353456	0.104203023443386	NA	NA	0.531104965139401
RPLP2	105	0.134065492235346	-0.0997969765566143	NA	NA	0.531104965139401
RPLP0;RPLP0P6	304	-0.0387021584043531	0.0278622979086879	NA	NA	NA
RPLP0;RPLP0P6	307	-0.0387021584043531	0.0278622979086879	NA	NA	NA
SSB	366	-0.259951120392777	-0.113855232286621	NA	-0.00844602971035401	-0.039305638035469
RB1	373	0.302890260885926	-0.126692659871298	0.730928155062359	0.297838814724892	NA
RB1	612	0.268890260885926	-0.037692659871298	0.564928155062359	0.602838814724892	0.43265110166152
RB1	821	-0.202109739114074	-0.255692659871298	-0.0820718449376407	0.417838814724892	0.17065110166152
RB1	823	-0.493109739114074	-0.139692659871298	-0.0850718449376407	-0.0801611852751083	-0.05634889833848
RB1	826	0.055890260885926	-0.049692659871298	-0.0240718449376407	-0.151161185275108	0.08165110166152
RB1	841	0.234890260885926	0.257307340128702	-0.0250718449376407	0.336838814724892	0.04065110166152
CDK1	14	-0.311959036088554	NA	NA	0.437819839478863	0.554470857762917
CDK1	15	0.0480409639114464	0.00710555595612421	0.0303421795171858	0.173819839478863	0.386470857762917
ENO1	44	-0.0266654982489006	0.155578727474283	0.302206942869257	0.360969762812715	0.202654701840346
NPM1	4	0.0310461001568595	-0.0832548098028622	0.240633736106896	0.221112461230858	0.409258044202735
NPM1	10	-0.0449538998431405	NA	0.195633736106896	-0.262887538769142	0.179258044202735
NPM1	67	-0.120953899843141	-0.399254809802862	-0.346366263893104	NA	0.011258044202735
NPM1	70	-0.212953899843141	0.0137451901971378	-0.105366263893104	NA	NA
NPM1	225	NA	NA	0.218633736106896	-0.015887538769142	-0.202741955797265
EPRS	886	NA	-0.0023781421484811	0.0425769626315206	-0.167643403353359	NA
HSP90AB1	255	0.253332453306703	NA	NA	0.013553970289646	-0.035243916596362
PDHA1	201	-0.154744865965084	-0.282511894415818	NA	NA	NA
PDHA1	258	-0.112744865965084	-0.0545118944158177	-0.344537189549755	-0.639275907358236	-0.365623549057006
PDHA1	262	NA	-0.100511894415818	-0.237537189549755	NA	-0.215623549057006
PDHA1	264	-0.131744865965084	-0.173511894415818	-0.883537189549755	-0.318275907358236	NA
PDHA1	269	-0.073744865965084	-0.184511894415818	-0.883537189549755	NA	-0.215623549057006
SNRNP70	226	0.00299818966708531	-0.0531456261892898	-0.0911662175781329	-0.168361057886211	-0.250217829100067
VIM	458	0.201240275820744	0.125060468156384	-0.161698576580377	NA	0.069089353290095
RPS17L;RPS17	113	0.041224073762985	0.22263185001446	NA	-0.48204333181817	0.074266193050026
RPS17L;RPS17	115	0.041224073762985	NA	0.14363822838015	-0.48204333181817	NA
ENO2	44	-0.0773907467474103	0.0971007458808926	0.309209290032223	0.288822235429993	0.0952415572669427
PRKAR1A	83	0.0429170947360531	0.250629185821228	0.150295698181544	0.0798094164548518	0.171655426415043
BCR	459	0.103626752787107	NA	1.01819898858317	0.48894386529675	NA
TOP2A	1247	NA	0.011809967021286	0.189566056792069	NA	NA
TPR	2155	-0.0802184497665979	-0.0661283483202493	0.13528624307911	0.0905479641629666	0.539298453402541
UNG	23	-0.429378660257795	-0.93176699931695	-1.37058032994523	-2.39505284952042	-0.65634030924051
UNG	60	-0.198378660257795	-0.26376699931695	NA	NA	NA
UNG	63	-0.390378660257795	0.71023300068305	-0.44958032994523	-1.14705284952042	0.57965969075949
ITGA4	1021	-0.023637789236129	-0.129461107488763	0.181092309935938	0.111918877834791	0.279961696931431
LCP1	5	0.330009533233199	0.706685008788777	0.719166025584607	0.323546786535635	-0.004427355768929
LCP1	7	0.183009533233199	0.126685008788777	NA	NA	NA
HCLS1	272	0.0852256725319715	-0.134698034811444	0.0649611130657372	-0.486809515688949	-0.818803518452089
HCLS1	275	0.325225672531971	-0.00069803481144388	0.170961113065737	-0.428809515688949	-0.647803518452089
PKM2	37	0.224154051503727	0.302124161455129	NA	NA	NA
PKM2	37	0.224154051503727	0.302124161455129	NA	NA	NA
ETS1	282	0.022499304707213	0.164843124433112	0.132042392665864	0.171518859575091	0.078229592423189
BRAF	364	0.267799743157668	-0.559180783337709	NA	0.279040345433593	0.14736492290025
RPS2	262	0.0237100496251571	-0.338085030447549	NA	NA	-0.284620119928959
TCF3	139	-0.122056105717179	-0.117443084397495	0.078050670053344	0.033774425492461	NA
TCF3	381	NA	0.156556915602505	-0.310949329946656	0.301774425492461	0.28885174386588
TCF3	530	NA	NA	NA	0.798774425492461	0.83385174386588
NCK1	85	0.327956140470426	-0.203218895964559	NA	NA	NA
HIST1H1B	18	-1.16960841569195	-0.415226523687867	-0.902945498550208	-0.611956248737755	0.193086378886066
STMN1	16	0.257060468156384	0.0382499903388268	-0.224721204648632	NA	0.0232390510669224
STMN1	25	0.161060468156384	-0.0957500096611732	-0.111721204648632	0.469121548440499	1.61123905106692
STMN1	31	-0.0239395318436163	0.0312499903388268	-0.0177212046486324	-1.0068784515595	-1.29776094893308
STMN1	38	0.0240604681563837	-0.0177500096611732	-0.181721204648632	-0.805878451559501	-0.788760948933078
STMN1	46	0.0280604681563837	0.0772499903388268	-0.0627212046486324	-0.673878451559501	-0.593760948933078
PRKCA	226	-0.278204484982428	NA	-0.102563328935101	-0.140853943178335	-0.034713620074635
PRKACA	196	NA	NA	-0.0509460379030447	-0.258137736001797	NA
PRKACA	198	-0.189081017836948	0.31004610015686	0.147053962096955	-0.052137736001797	0.172118896349261
PRKACA	202	0.214918982163052	0.187046100156859	0.147053962096955	0.009862263998203	0.123118896349261
SON	1236	-0.0402288601687242	-0.190325862860238	-0.0316048139883	0.14766644665005	-0.00838713765764901
SON	1237	-0.0932288601687242	-0.239325862860238	0.2583951860117	0.23466644665005	0.004612862342351
PGAM1	118	-0.0459978271334401	0.0814417113826102	0.196463111239467	0.264591883886554	0.689264977727429
LIG1	66	-0.0656041212652858	-0.0246191735107934	0.025212493437075	0.0051367945537845	-0.023560496739393
LIG1	76	-0.0526041212652858	0.251380826489207	-0.724787506562925	NA	-0.491560496739393
LIG1	141	0.224395878734714	0.139380826489207	NA	NA	NA
LIG1	195	-0.182604121265286	-0.282619173510793	-0.476787506562925	-0.149863205446216	0.101439503260607
PLCG1	1263	-0.146423454876633	0.131490428671195	NA	0.216142835729837	0.2609944663549
NCL	145	0.61690026153255	-0.0315375120138931	NA	NA	NA
NCL	153	0.23990026153255	-0.136537512013893	NA	NA	NA
NCL	563	0.07090026153255	-0.0545375120138931	-0.565687869671296	-1.4521055952092	-1.41957037957582
EIF2S2	2	-0.134964278838156	0.0951500210920115	NA	NA	NA
EIF2S2	105	0.051035721161844	0.0451500210920115	0.011140716780225	-0.015766200439932	0.041746655368488
EIF2S2	111	0.367035721161844	0.278150021092011	0.182140716780225	-0.359766200439932	0.132746655368488
LMNB1	393	-0.206809760365934	-0.0491648774212257	NA	NA	NA
LMNB1	575	0.119190239634066	0.232835122578774	-1.0541034553977	-2.60395815534675	-2.54008268385199
VDAC1	104	NA	0.302352386623363	0.42203718077288	0.13378439808924	0.162683427979272
OSBP	190	0.657785252492857	0.520066724189833	NA	0.051683370812017	NA
OSBP	193	0.0977852524928575	0.0420667241898333	NA	NA	NA
OSBP	351	0.0977852524928575	0.0420667241898333	NA	NA	NA
FBL	124	0.13372323102162	0.118173265663797	0.068378145401039	-0.130044734957048	-0.465845684559433
PAICS	27	-0.206082905263947	-0.36237881987762	NA	NA	NA
CBL	486	NA	-0.107133082110662	-0.300259272220652	NA	0.058225657885514
PRKACB	243	-0.244407505903544	0.356157559085426	0.165954004327001	-0.112447917112617	0.181330598902554
PRKACB	245	0.159592494096456	0.233157559085426	0.165954004327001	-0.050447917112617	0.132330598902554
RPS3	220	NA	0.347678077894537	0.310684371533392	0.309378797984026	0.351620422361685
RPS3	221	0.307352507229905	0.160678077894537	0.310684371533392	0.182378797984026	0.338620422361685
CFL1	3	-0.482825238463533	-0.286313764598263	-0.335182897258149	-0.750149902550562	0.600440070114215
EEF1B2	106	-0.0172951044407128	0.0929406400653513	NA	NA	NA
POLR2A	1850	-0.0389392030948858	0.113832298652565	0.373079473028812	NA	NA
POLR2A	1875	NA	-0.155167701347435	-0.088920526971188	NA	NA
POLR2A	1877	NA	NA	NA	0.100887059123535	0.222174108489047
POLR2A	1881	NA	0.104832298652565	0.393079473028812	NA	NA
POLR2A	1916	6.07969051141938e-05	-0.009167701347435	NA	NA	NA
MCM3	674	0.244647676640192	-0.0573107959288596	0.179208951574222	0.0528622979086879	-0.181261480193071
MCM3	708	NA	0.66168920407114	2.04420895157422	2.47186229790869	NA
MCM3	713	0.200647676640192	0.13368920407114	NA	NA	NA
MCM3	722	-0.0163523233598076	0.0386892040711404	NA	NA	NA
BRD2	298	-0.048229386379034	-0.169362146563297	-0.0676731385654945	0.121368423102519	0.358008145530796
BRD2	301	0.099770613620966	0.102637853436703	0.188326861434505	NA	NA
BRD2	305	-0.015229386379034	0.378637853436703	0.314326861434506	NA	0.741008145530796
PSMA3	243	-0.14822287838847	-0.0331634612480517	-0.120837001071843	NA	0.047678965357958
DNMT1	730	0.433837171086741	0.141870845096642	NA	NA	NA
U2AF2	2	-0.188066098812378	-0.213145348302777	-0.142164356476564	NA	NA
DCK	74	NA	-0.333430660321813	NA	0.596433813642639	0.403195629681652
ERCC5	341	-0.0469423476587466	0.136923873293763	0.052015774681628	0.469750964118453	0.186297841595647
ERCC5	384	0.0350576523412534	0.424923873293763	-0.012984225318372	0.0737509641184533	-0.0857021584043531
EEF1D	138	0.254721167243654	0.310409474112953	NA	NA	NA
MARCKS	170	-0.1909687073046	-0.324245482857862	-0.160051266309988	NA	-0.243240807016766
PRKAR1B	83	-0.227511236476784	0.00547756407120474	NA	NA	NA
RRM2	20	-0.00509524488827001	-0.00913953222384301	-0.128115711308457	-0.353621609274938	-0.0717388400478731
MCM4	131	0.674572875450736	-0.418308060931975	-0.991871027525293	-0.881120726976741	-1.22929976578458
MYH10	1956	-0.0888401372510637	0.161052738393991	NA	NA	NA
PGM1	115	-0.528693532616831	0.0781624211506208	-0.115517634615319	-0.232598145918628	-0.137935199235577
TAGLN2	163	0.0354971626829022	-0.10379617267016	-0.0885202725895487	-0.146359089330614	0.075534263279729
RBMX	88	0.0457005867416222	0.278877472899335	-0.0601102418037171	-0.246916041328747	-0.0724608360791227
RBMX	314	-0.140299413258378	-0.236122527100665	-0.504110241803717	-0.776916041328747	-0.474460836079123
PBX2	151	-0.14214070116475	-0.176240730711315	-0.226992475239026	-0.691601958433444	-0.818220973297738
STAT3	726	0.393089858458747	NA	0.200524891477442	-0.0074449905658947	-0.197346814349839
USP8	718	-0.132349168184891	-0.157271038701404	-0.172840696491753	-0.21448074116726	-0.126468790122007
ETV6	18	0.003126995080695	0.133894271041014	0.610604532763299	NA	0.467717689222389
ETV6	22	NA	0.133894271041014	0.610604532763299	NA	0.467717689222389
PRKCI	564	NA	0.353591686542384	0.123977504245831	-0.350953369881585	NA
TMPO	66	0.0598442406101282	0.0976476261155631	NA	NA	0.135582953623546
TMPO	67	0.0098442406101282	NA	NA	0.100456672837033	0.204582953623546
TMPO	74	NA	0.713647626115563	-0.61554837538509	-0.570543327162967	-0.315417046376454
TMPO	159	-0.164155759389872	-0.362352373884437	-0.54054837538509	-0.640543327162966	-0.568417046376454
TMPO	160	-0.340155759389872	-0.553352373884437	-0.57754837538509	NA	NA
TMPO	66	0.0598442406101282	0.0976476261155631	NA	NA	0.135582953623546
TMPO	67	0.0098442406101282	NA	NA	0.100456672837033	0.204582953623546
TMPO	74	NA	0.713647626115563	-0.61554837538509	-0.570543327162967	-0.315417046376454
TMPO	159	-0.291155759389872	-0.676352373884437	-1.89654837538509	-1.82054332716297	-2.94141704637645
TMPO	160	NA	NA	NA	-1.74154332716297	-1.47341704637645
TMPO	222	-0.164155759389872	-0.362352373884437	-0.54054837538509	-0.640543327162966	-0.568417046376454
TMPO	306	-0.340155759389872	-0.553352373884437	-0.57754837538509	NA	NA
RPS27	11	0.0973339337220505	0.0418480033660813	0.217104965139401	-0.258253494018184	0.31996566258596
SSR1	260	NA	0.165609153721426	NA	-0.371943206631065	0.285465898545233
SSR1	268	NA	NA	-0.0893019646517516	-0.161943206631065	0.285465898545233
CBX5	14	0.242042763090917	0.0457759380745698	NA	NA	NA
NOP2	728	0.282713012571121	-0.0109005819315161	NA	NA	-0.445353180607556
ATRX	1952	NA	NA	0.340827439874396	0.389841181399183	NA
ATRX	1953	NA	0.0650307309449671	NA	0.138841181399183	-0.231708926539505
ATRX	1954	0.0595769626315206	-0.0779692690550329	-0.043172560125604	NA	-0.086708926539505
TRAPPC10	708	NA	0.11969907219742	-0.0716028625594048	0.174027045134817	NA
MARCKSL1	104	-0.121589581285933	-0.263613976430039	0.340491567822311	0.059422075308305	0.355209361420303
PCYT1A	342	0.063630912036307	-0.286122321999235	NA	NA	NA
PCYT1A	343	NA	-0.0101223219992346	NA	0.225480470040011	-0.121516688776489
PCYT1A	347	0.092630912036307	-0.124122321999235	0.087079398424143	0.172480470040011	0.085483311223511
MCM2	13	-0.104446257726058	-0.305352459673852	0.222063803807606	0.29606136509343	0.402623909730721
MCM2	106	NA	-0.0133524596738524	0.909063803807606	0.54406136509343	0.907623909730721
MCM2	108	-0.0424462577260585	0.0346475403261476	0.154063803807606	0.11706136509343	0.225623909730721
MCM2	139	-0.0704462577260585	NA	NA	0.85906136509343	0.871623909730721
RANBP2	955	0.0137730690400272	-0.0945672563960288	NA	NA	-1.91289915683298
RANBP2	2510	0.153773069040027	0.135432743603971	-0.042287155999165	0.0909860813500546	0.064100843167024
RANBP2	2804	0.0417730690400272	-0.385567256396029	-0.591287155999165	-0.691013918649945	0.135100843167024
GSK3A	278	0.0359110438708937	-0.171713380729515	-0.0150474633576568	-0.137438799083632	0.0581376233351752
GSK3B	215	0.170828565307087	0.059999162587764	-0.0230271979121134	0.070220939760633	-0.00181166374668773
FXR2	601	-0.0551716188844765	-0.760073656094133	NA	NA	NA
FXR2	603	-0.0551716188844765	-0.760073656094133	NA	NA	NA
SMARCA4	609	0.0502956746588847	0.136338957724597	-0.0774164716336324	-0.201513995871922	-0.357255379131532
SMARCA4	613	0.126295674658885	0.179338957724597	NA	NA	NA
SMARCA4	695	-0.0067043253411153	-0.096661042275403	NA	NA	NA
RPS6KA3	227	-0.349876336457155	NA	0.26009412000959	0.385751433405453	0.016967660058978
CCNH	315	0.0957806726970166	0.114547886710596	NA	NA	NA
HNRNPA3	358	-0.020042892603345	-0.209417239980365	0.0781778143011653	-0.634444990565895	-0.132159735468209
HNRNPA3	336	-0.020042892603345	-0.209417239980365	0.0781778143011653	-0.634444990565895	-0.132159735468209
KPNA2	61	-0.162837345510324	-0.36080971092793	NA	NA	NA
NUP98	871	-0.0331498678291709	0.106072289354851	NA	NA	NA
ACLY	455	-0.0604480840109446	-0.0332550942206848	-0.129580885608863	0.212446409731546	0.348579382917392
ACLY	481	0.222551915989055	-0.235255094220685	-0.046580885608863	-0.223553590268454	-0.648420617082607
CLNS1A	102	0.0304654367703005	0.0776320378728231	NA	NA	NA
RAD23B	160	0.124269086031202	0.287644819310138	NA	0.09456987158304	NA
MFAP1	52	-0.037016409486001	0.208624814681649	-0.330498780784163	NA	NA
MFAP1	53	-0.037016409486001	0.208624814681649	NA	NA	NA
MFAP1	132	-0.231016409486001	0.266624814681649	NA	NA	NA
MFAP1	133	-0.231016409486001	0.266624814681649	NA	NA	NA
MFAP1	267	-0.088016409486001	0.095624814681649	NA	NA	NA
CASP7	16	0.112134804053023	-0.150751924599542	NA	NA	NA
TPD52	136	NA	NA	-0.612863911545217	-0.0088158009322072	NA
HNRNPH2	104	0.0312540254705009	0.0628096762325463	-0.0225384698590043	-0.137090791839201	-0.302830261393749
EIF3B	85	-0.205508250960121	-0.0275734786108696	0.473204498565167	-0.501044369912607	0.467905812011507
HDAC4	465	0.0415492470503939	0.0650454738495207	-0.0455065807515473	-0.0485474900603934	-0.010434455040482
HDAC4	467	0.108549247050394	0.223045473849521	NA	0.212452509939607	0.041565544959518
HDAC4	565	0.0045492470503939	0.160045473849521	-0.0745065807515473	0.0064525099396066	0.066565544959518
HDAC4	632	0.0045492470503939	0.160045473849521	0.0274934192484527	0.0064525099396066	0.358565544959518
TPI1	21	-0.327399170445883	-0.278820685791304	-0.23096609871551	-0.102299102690787	-0.130943206631065
HNRNPK	249	0.229468280503905	0.157052809116839	0.0172753653017821	-0.466724414197545	-0.697545903572251
HIST1H4A	48	0.112327553558425	0.58418957187911	NA	NA	0.27924299893246
GTF2I	789	NA	0.241311471376037	0.098033665299892	0.155347209278499	NA
GTF2I	790	-0.333943445128942	-0.0966885286239633	-0.459966334700108	-0.860652790721501	-0.784471559010701
GTF2I	798	0.0700565548710584	0.0873114713760367	-1.32796633470011	NA	-0.982471559010701
SRPK2	498	0.144393087120139	0.628532777116546	NA	NA	NA
FOXK1	416	-0.093459626133215	-0.0641863501789014	NA	NA	NA
FOXK1	420	-0.049459626133215	-0.202186350178901	-0.63525985245062	NA	-0.720024474385357
FOXK1	436	-0.481459626133215	-0.658186350178901	-0.36125985245062	NA	NA
FOXK1	441	-0.481459626133215	-0.658186350178901	-0.36125985245062	NA	NA
FOXK1	445	-0.481459626133215	0.0548136498210986	NA	NA	NA
HNRNPU	59	0.0490683686276536	0.607580920630645	0.11661232285789	0.127915848087275	0.101843124433112
HNRNPU	267	NA	NA	NA	0.312915848087275	0.115843124433112
SPTBN1	2172	-0.018586225191713	-0.0393384162365682	-0.201363890039395	NA	NA
SPTBN1	2331	0.127413774808287	-0.481338416236568	-0.361363890039395	-1.09160368599191	-1.65756318111193
FOXK2	30	NA	NA	0.206638942113789	0.188437182706851	-0.294674452420451
FOXK2	373	-0.285193292758717	-0.08852269081756	-0.186361057886211	NA	-0.245674452420451
FOXK2	428	-0.0411932927587173	0.05447730918244	0.310638942113789	NA	NA
RUNX1	14	-0.225912021675338	-0.16712583433888	0.252433466388446	NA	0.106295698181544
HMGCS1	495	-0.017373411764034	NA	-0.69078199511071	-0.295540538935991	0.162511384392949
TFAP4	124	0.281462487986107	1.3718932225608	2.27738403544134	1.5363412277008	1.32931935353604
SATB1	633	-0.43628965994923	-0.158368418311981	NA	NA	NA
SATB1	637	-0.15128965994923	-0.184368418311981	-0.0148437933823565	-0.022307102433775	-0.02650860625292
MAP2K1	386	NA	NA	0.079390243799476	0.401455718145273	-0.229807463763398
TOP2B	1370	0.113050600486213	-0.234116527077744	NA	NA	NA
TOP2B	1570	NA	-0.126116527077744	NA	0.0629444141830249	0.0215871305531617
SFRS11	207	-0.0565174236687938	-0.0262304058540823	NA	NA	NA
SFRS11	209	0.0304825763312062	0.0257695941459177	-0.217087290373605	-0.670220161246757	-0.525066088558068
SFRS11	433	-0.131517423668794	0.109769594145918	-0.162087290373605	NA	NA
GFPT1	243	-0.0943781421484811	0.0540712670284013	-0.0209977984819466	-0.327190601040029	0.0702868589663321
SSRP1	437	0.288882508533121	0.0374720977767263	NA	NA	NA
SSRP1	441	0.0368825085331214	0.101472097776726	NA	NA	0.121606975297392
NSUN2	743	0.0073275535584249	0.229831474560573	0.407829520838809	0.380110514712696	0.388446431558582
NSUN2	751	0.209327553558425	0.316831474560573	0.226829520838809	0.310110514712696	NA
NCBP1	21	-0.30024884779649	0.55165003897144	0.446366532682192	0.117926889815889	-0.252035153691074
NCBP1	22	-0.04224884779649	NA	0.373366532682192	0.383926889815889	-0.116035153691074
NUP160	1157	0.435507417101288	-0.118325952811712	0.858773707066016	1.00259861792362	0.373789888643668
SFRS8	909	0.067317604832348	-0.272361057886211	NA	NA	-0.163001532202998
SFRS8	917	NA	-0.211361057886211	-0.180235218121578	-0.0949997275254064	NA
CHD3	713	-0.404711203227643	-0.268215994355501	0.0040607969051142	-0.151169569846725	-0.150813197152154
TRAF2	7	-0.056648059634778	-0.0892694398151375	NA	NA	NA
FLII	801	NA	0.480641454115062	-0.423706699788993	NA	NA
COASY	178	NA	NA	-0.386081599280725	-0.181118127866077	-0.177770312511482
CHAF1B	429	-0.194986453074871	0.02370917120225	NA	NA	NA
PPFIA1	239	-0.109124802860835	-0.0886442991051381	NA	NA	NA
PPFIA1	242	-0.109124802860835	-0.0886442991051381	NA	NA	NA
PAK1	174	0.306708276806764	0.323173937214222	NA	NA	NA
PAK2	139	0.0255157661300411	0.153640946881753	0.0222797323356712	-0.741234676631363	0.0053829668243653
PAK2	141	-0.136484233869959	0.251640946881753	0.496279732335671	-0.0552346766313629	-0.236617033175635
PSMD2	16	-0.0442233986682021	0.426836531623584	0.630472658347951	0.0162721338108614	-0.227665101416892
SFRS9	211	-0.0498459484962734	0.198248306840202	0.139945424962785	0.249720116447328	0.192806443695794
SFRS9	214	0.153154051503727	-0.051751693159798	0.0239454249627852	-0.706279883552672	0.177806443695794
SFRS6	303	0.343327553558425	-0.0226500257633208	-0.0252663725534851	0.167770151816384	0.12367476272446
TRIM28	19	-0.263397763319804	-0.480685611493323	-0.653533704875204	-0.730524128203508	-0.722608416075788
TRIM28	489	NA	0.0883143885066771	0.446466295124796	NA	NA
TRIM28	594	0.182602236680196	-0.015685611493323	-0.270533704875204	-0.574524128203508	-0.656608416075788
TRIM28	601	-0.0553977633198045	0.146314388506677	0.515466295124796	0.288475871796492	0.412391583924212
TRIM28	824	0.996602236680196	-0.668685611493323	NA	-0.875524128203508	NA
G3BP1	231	0.00465154108098747	-0.0328257306049671	0.0339140140884664	NA	0.02115359984437
G3BP1	232	0.0936515410809875	0.760174269395033	NA	NA	NA
DYNC1I2	81	NA	0.309148597180083	0.305150003561688	-0.140152532549616	-0.233914657572037
SF3B2	360	-0.083363363891263	0.281826527298828	NA	NA	NA
GOLGA4	71	-0.00939074674741033	-0.281121747882966	-0.108528238123432	0.0402121114268512	0.35576648629293
FKBP5	13	-0.11936814998554	-0.114146569548886	0.079161400914489	0.405413431033673	NA
HDAC1	393	-0.384062337652483	0.00359451670845239	NA	NA	NA
HDAC1	421	-0.384062337652483	0.00359451670845239	NA	NA	NA
HDAC1	423	0.0899376623475172	0.0955945167084524	0.117779838753243	0.0140307309449671	0.284261223064435
SNW1	224	-0.0231875075949789	-0.00537214550702397	-0.120586333124219	0.064230561206336	0.059787256815826
SNW1	232	-0.0521875075949789	NA	0.192413666875781	0.068230561206336	0.205787256815826
STIM1	519	0.0381788698905194	NA	-0.158722655610269	-0.360938724357805	-1.34880054986376
STIM1	521	-0.0808211301094806	-0.324357751214754	NA	0.113061275642195	NA
STIM1	608	-0.384821130109481	-0.0303577512147545	-0.126722655610269	-0.987938724357805	-1.39280054986376
STIM1	616	-0.127821130109481	0.150642248785245	NA	-0.024938724357805	NA
STIM1	618	NA	0.0036422487852455	0.519277344389731	0.440061275642195	NA
STIM1	620	NA	0.308642248785246	0.180277344389731	NA	0.303199450136236
PWP1	50	-0.0488913505988261	0.008236354918707	NA	NA	NA
PWP1	57	0.0471086494011739	-0.307763645081293	NA	NA	NA
DYRK1A	312	0.032386605365814	-0.113912060480666	-0.15600244020005	-0.174538469859004	-0.147408784245908
SPTAN1	1029	-0.479845168138022	-0.176273499951474	-0.48156561515978	-0.145881962981029	-0.548368131158606
CBFB	173	-0.0433844325930902	-0.188932264160238	-0.0381081252905345	0.00219974314529536	-0.214648059634778
CBFB	176	NA	-0.149932264160238	0.0238918747094655	-0.108800256854705	NA
CDC2L5	1186	0.0497822562807151	-0.033604037497334	NA	NA	NA
HNRNPD	80	0.220236185652848	-0.0527491601098125	NA	NA	NA
HNRNPD	82	NA	NA	-0.0210302371872846	-0.500528317259292	-0.118923837989041
HNRNPD	190	NA	0.395250839890187	-0.118030237187285	-0.372528317259292	NA
SAFB2	246	0.0546755965952552	NA	NA	0.140113304824806	0.449824867487612
SCRIB	1566	-0.238203474385482	NA	NA	0.13535927374571	-0.090870267828973
TTLL12	15	-0.305162478501553	0.0808918747094655	-0.0087043018184556	NA	NA
TTLL12	16	-0.165162478501553	0.0808918747094655	-0.0937043018184556	NA	NA
POLA2	136	NA	NA	NA	-0.261075855742179	-0.022147321469871
CTTN	374	-0.071543954868527	0.124515958067036	NA	0.234136891068303	0.435162654489676
CTTN	381	NA	-0.071484041932964	0.144889758196283	NA	NA
TRIM25	100	NA	-0.0512425711137466	0.0364352512331622	NA	-0.307554019696199
PTK2B	375	-0.462871491835903	0.23966283937856	0.256521837836939	-0.086937604239682	0.550520173738553
RBM39	136	-0.0313225035492398	0.138702371697378	0.156342768995447	0.187145725404579	0.139105362542592
PUM1	209	0.881461530140996	-0.204000369614436	-1.05897599697553	-0.4746900551071	-1.60035041810502
MDC1	168	-0.045670638044121	-0.00583664839677549	0.0457957667281307	0.052313676310887	-0.000396675366234001
MDC1	176	NA	-0.181836648396775	-0.235204233271869	NA	NA
MDC1	329	0.047329361955879	NA	0.436795766728131	0.301313676310887	NA
MDC1	372	-0.133670638044121	-0.0138366483967755	0.485795766728131	NA	NA
MDC1	376	-0.061670638044121	-0.277836648396776	NA	NA	NA
MDC1	1153	0.180329361955879	-0.181836648396775	-0.235204233271869	NA	NA
MDC1	1570	-0.373670638044121	-0.0268366483967755	NA	NA	NA
RRP1B	227	0.183275110238707	0.0325492817075988	NA	NA	-0.20132653743182
USP10	74	-0.0522399753693698	0.0730014651007436	0.100913081643265	0.246721922273326	0.093983251160387
USP10	208	NA	-0.0189985348992564	0.158913081643265	NA	NA
RFTN1	199	NA	NA	-0.698540754701417	-0.715702158404353	-0.072304098169617
NUMA1	169	0.219606975297392	0.278894946764927	NA	0.0505801473773602	0.1909122409942
NUMA1	1743	0.155606975297392	0.185894946764927	NA	NA	NA
NUMA1	1755	-0.00339302470260811	0.019894946764927	0.0523625397577701	-0.25041985262264	-0.0260877590058
NUMA1	1986	-0.135393024702608	-0.290105053235073	NA	-0.12641985262264	NA
SEPT2	218	-0.0548464167443088	-0.079801058513612	NA	-0.0775147770882489	-0.0868185659780606
RAB3GAP1	537	-0.372234453437669	0.070729925417036	0.398273672007308	-0.280253905903696	0.116819884086189
SETDB1	1066	-0.163159745797028	NA	-0.770178244087146	-0.445334012478187	0.089591153231601
POLD3	307	0.0052472168546628	0.133306467383169	0.260247216854663	-0.0173473537479277	-0.317049742304576
BRD3	563	-0.270159907360031	0.26719028907207	-0.0817062188172854	-0.127833974415393	0.609200300510225
NONO	361	-0.451270749512511	-0.648606059198516	-1.17271886988415	-1.73321814054009	-1.33148889763868
RABEP1	407	0.0688986249080334	-0.250256582265462	NA	-0.132620974800121	NA
RABEP1	408	0.102898624908033	0.00374341773453798	NA	NA	NA
RABEP1	410	-0.683101375091967	0.00374341773453798	NA	NA	NA
PCBP1	173	0.405230078917118	0.0042979225526851	-0.277731521256969	-0.392294491248082	-0.826830470298723
PCBP1	189	-0.256769921082882	0.0372979225526851	0.263268478743031	-0.408294491248082	-0.498830470298723
PCBP1	190	0.0292300789171178	-0.197702077447315	-0.315731521256969	-0.395294491248082	-0.495830470298723
PCBP2	185	NA	NA	-0.630185596550149	-0.335775926237015	-0.357453939084845
SAFB	23	0.0978982015030356	NA	NA	0.091716480265692	0.587808111018122
SAFB	314	-0.128101798496964	-0.0657931433466881	0.0934956388378294	-0.108283519734308	0.175808111018122
SF3A1	329	-0.167049391177192	-0.0545823940063905	-0.14879617267016	-0.211097079479811	-0.48666606627795
SF3A1	451	0.0249506088228078	-0.0995823940063904	NA	NA	NA
SKIV2L	256	-0.211028357587924	-0.0922785326651283	-0.14957878875129	-0.0100750515202915	0.175768865094572
TERF2	323	0.172193604153491	-0.0577525862520638	-0.085085030447549	-0.121369357338154	-0.0042161845669003
SF1	80	0.134918496689248	-0.0054170463764536	NA	NA	NA
SF1	82	0.134918496689248	0.0235829536235464	NA	NA	NA
MED1	1465	-0.181328046039198	-0.212274132146454	-0.0402727224140157	0.049	-0.0242614801930712
TAB1	7	NA	NA	0.0203123430460691	0.604312343046069	1.43061896297172
EZH2	478	-0.153552576215222	-0.0436454141581601	-0.240985322084819	NA	-0.818252046417765
MAPK14	180	0.178682607521406	0.139525270741588	NA	0.066087373436206	NA
CDC37	13	-0.082141668696617	-0.049062817718235	-0.009968458895192	-0.030762064417124	-0.0548661713676263
DPYSL2	485	-0.173071776566346	0.123291079760886	0.214966135436926	NA	0.435188892832699
CPSF6	444	-0.111362070162041	-0.178872141821553	-0.204149724802955	-0.419536941634349	-0.186241893598869
DBN1	337	0.0916042692186489	0.317920467017122	0.360837521498447	NA	-0.22318554542368
DBN1	339	NA	NA	0.250837521498447	-0.465675465509504	NA
IFI16	779	0.0888774728993346	-0.042608642779922	-0.182131719558281	-0.0909132758206	-0.000892633215638983
HNRNPUL2;hCG_2044799	244	-0.0140755548261591	0.144947164099129	0.114955083301313	NA	0.13743378387025
PDS5A	1208	0.1409657402387	0.07609855223658	-0.268308050775295	-0.604181374173643	-0.0869308499804787
PDS5A	1305	-0.3930342597613	-0.04890144776342	-0.153308050775295	NA	NA
AAK1	618	0.43535529297707	0.229754219627591	-0.082158334510393	NA	0.23387437381492
CCDC88A	1673	0.122152201869423	-0.335262017605922	-0.53312189360187	0.017168062891039	0.026462230360775
LARP7	258	-0.0163979726213285	-0.121723234547642	NA	NA	NA
LARP7	261	0.0506020273786715	-0.114723234547642	-0.223404317151718	0.253753055399819	0.416905207728253
LARP7	299	0.236602027378672	0.131276765452358	NA	0.0667530553998195	NA
OGFR	378	-0.0755633289351014	0.166432790929296	-0.127647492770095	0.050133828893375	-0.319680439695835
CRTC2	64	-0.344771888269719	-0.437951780511014	NA	NA	NA
C17orf85	500	-0.229347719851223	-0.653942920640966	-0.223593289573954	-0.355526928029039	0.056871500352277
ARHGAP15	212	0.244017754895892	-0.150096877854869	0.0378331997629446	0.185640386049948	0.128736057918678
HSP90AB2P	177	0.27476002463063	NA	NA	0.01569486482593	-0.072698966099756
WDR44	163	0.100698407912212	0.184674137139762	NA	NA	NA
DNTTIP2	136	0.167585152847626	0.28991791912896	0.35430822330885	0.967789368006237	0.49826144226872
NUP188	1709	0.247874866975128	0.231763974291657	-0.0676298615394079	0.032246986145312	0.049156863646618
FKBP15	956	0.246543992198926	0.444209807777874	NA	NA	NA
FKBP15	1114	0.785543992198926	NA	NA	0.0359653604171152	-0.0399796107294068
ZC3H13	207	0.0755945167084524	-0.0804119530357581	-0.089587899842447	-0.055794265993988	-0.133451988445564
ZC3H13	993	-0.291405483291548	0.0285880469642419	-0.108587899842447	NA	0.0455480115544359
ZC3H13	1017	-0.233405483291548	-0.0564119530357581	NA	NA	-0.360451988445564
UBR4	619	0.291960728781129	0.129622420099196	0.157788572811945	-0.333196366142676	-0.3484568715833
UBR4	620	0.291960728781129	0.0786224200991955	0.157788572811945	-0.333196366142676	-0.3484568715833
FAM40A	240	0.0308396250686344	0.165227865774861	-0.0439608724709004	0.0077456216385188	0.042034071903323
RPRD2	453	-0.809468057769387	-0.0994326275853059	NA	NA	NA
RPRD2	454	-0.224468057769387	-0.196432627585306	-0.392097809437824	-0.26313627678066	0.096172105025625
RPRD2	556	-0.317468057769387	-0.480432627585306	-0.299097809437824	-0.23613627678066	-0.110827894974375
RNF20	138	-0.143776966170345	-0.0690641514501109	-0.0810829052639469	0.0908982015030356	0.32217776078911
RNF20	524	0.466223033829655	0.0989358485498891	NA	NA	NA
ZNF318	2101	-0.092657004640238	-0.0342042382852264	0.141079398424143	0.0613877073264419	0.321427824208338
PARD3	143	-0.214474026343896	NA	0.520199748004577	0.181875033863558	NA
PARD3	144	-0.214474026343896	-0.036282773879645	0.433199748004577	0.223875033863558	0.120925290129511
ARHGEF2	122	0.032439053224125	-0.434336468270638	-0.421366180602731	-0.309975996975533	0.405296567127781
ARHGEF2	125	-0.130560946775875	-0.667336468270638	-0.0573661806027313	-0.399975996975533	0.322296567127781
ZMYM4	86	-0.26669625527444	-0.435657122914442	-0.473471260313697	-0.327686536345415	0.0168061450832414
ZMYM4	90	NA	-0.415657122914442	-0.199471260313697	NA	0.0508061450832414
TBC1D9B	435	0.966094512729909	0.401148597180083	NA	2.0503745061903	-0.0907220019460974
ARID2	689	0.139606173690787	0.000917398837742306	0.0796371006760055	-0.093315113737697	-0.324735560863965
ARHGAP17	575	-0.108843089875874	-0.384609335562422	NA	-0.720574443276263	-1.15678707946212
KIAA1429	133	0.254688975733969	0.0490095332331987	-0.315693532616831	-0.384524018402042	-0.063413092002276
KIAA1429	138	0.142688975733969	-0.0729904667668013	-0.117693532616831	0.00447598159795851	-0.089413092002276
KIAA1429	1578	0.500688975733969	0.121009533233199	-0.378693532616831	0.227475981597959	NA
KIAA1429	1579	NA	0.304009533233199	0.189306467383169	0.250475981597959	0.318586907997724
RLTPR	955	0.290342380792197	-0.0019764783015023	-0.082457756859103	0.0238968432148475	0.018176426980946
ELP2	546	0.25224833009212	-0.0451035527036676	-0.073421014128511	NA	-0.105511467050488
ELP2	548	0.25224833009212	-0.0451035527036676	-0.043421014128511	NA	-0.105511467050488
ELP2	553	0.25224833009212	-0.0451035527036676	-0.013421014128511	NA	-0.105511467050488
NIPBL	284	-0.10657878875129	-0.107542214520912	0.0597385198069288	-0.091517669530019	0.0794176723739966
NIPBL	306	-0.30257878875129	-0.155542214520912	-0.0932614801930712	-0.243517669530019	-0.183582327626003
NIPBL	2658	NA	NA	0.0787385198069288	0.033482330469981	NA
ZCCHC8	598	-0.18627537949812	NA	-0.278424838164252	-0.099862061031496	-0.216286489744618
EDC4	727	0.64162118012238	-0.140891350598826	NA	NA	NA
EDC4	729	NA	0.0941086494011739	NA	0.00638228831114798	0.13337222538343
EDC4	871	-0.30837881987762	0.900108649401174	0.466086187669123	0.368382288311148	0.58137222538343
EDC4	879	NA	NA	0.236086187669123	-0.146617711688852	NA
ALKBH5	64	NA	0.119667449038825	-0.061663340185264	-0.410861606093042	0.297094353573873
ALKBH5	69	0.582134804053023	0.496667449038825	NA	NA	NA
ALKBH5	361	0.582134804053023	0.496667449038825	NA	NA	NA
RSBN1L	6	-0.017737650587381	-0.0272504455431863	0.0177105234470627	0.131983251160387	-0.015703914342758
CTR9	925	-0.0333598694616546	-0.0845256534251008	NA	NA	NA
ZC3H14	490	0.0901307354483251	0.007228626764293	NA	NA	-0.0109816394656943
LARP1	90	0.420778883499072	0.397285900923257	0.994040415472771	0.928654634526038	NA
LARP1	526	0.221778883499072	NA	-0.0289595845272293	-0.162345365473962	0.342055788098619
LARP1	546	-0.139221116500928	-0.0127140990767425	0.0180404154727707	-0.034345365473962	0.216055788098619
LARP1	548	0.412778883499072	0.109285900923257	0.276040415472771	0.361654634526038	0.206055788098619
LARP1	622	-0.208221116500928	0.0422859009232575	NA	NA	NA
LARP1	627	0.021778883499072	-0.0597140990767425	-0.0549595845272293	-0.113345365473962	-0.113944211901381
LARP1	631	-0.300221116500928	-0.178714099076743	-0.0919595845272293	-0.154345365473962	0.066055788098619
LARP1	633	-0.109221116500928	0.0402859009232575	NA	NA	0.700055788098619
FIP1L1	221	-0.312896392402872	-0.408255404492787	NA	NA	-1.80535530029021
FIP1L1	418	0.0861036075971279	0.186744595507213	NA	0.276073411355127	NA
BCOR	1121	-0.0483130424441569	-0.45637957763832	NA	NA	NA
GIGYF2	19	-0.13981676509872	-0.095016988992879	NA	0.485434395086416	-0.0978221856988347
GIGYF2	25	-0.03981676509872	0.150983011007121	-0.084435787910173	-0.0315656049135844	-0.366822185698835
UNC13D	150	-0.0310580480648641	NA	0.151117958545859	-0.000156518167643394	-0.195300138851661
UNC13D	153	-0.103058048064864	0.0681112269313071	-0.220882041454141	0.0068434818323566	NA
LARP4	512	NA	0.252226813792948	0.557188211490857	0.032783398803876	NA
SUPT6H	7	0.0788883769172579	-0.0026180131791667	NA	NA	NA
SUPT6H	12	0.0788883769172579	-0.0026180131791667	NA	NA	NA
DDX46	804	-0.212865195946977	-0.296604803724466	0.0267658180473771	-0.115549500765178	0.175171337644644
MEPCE	213	0.385859274570591	-0.419422648824612	-0.146768605814208	0.116687364176047	0.010865777566253
MEPCE	254	-0.099140725429409	-0.494422648824612	-0.363768605814208	-0.093312635823953	0.476865777566253
MEPCE	300	-0.354140725429409	-0.370422648824612	-0.418768605814208	-0.122312635823953	0.289865777566253
POGZ	330	NA	0.167882851584854	-0.376757017768119	0.259917919128958	NA
NUFIP2	112	NA	-0.111231134905428	-0.0618449123902314	-0.206837345510324	NA
NUFIP2	230	-0.0855582924253818	0.143768865094572	-0.346844912390231	NA	NA
NUFIP2	572	-0.201558292425382	-0.137231134905428	-0.260844912390231	-0.0938373455103243	-0.138425959786803
NUFIP2	629	NA	-0.236231134905428	-0.122844912390231	-0.692837345510324	NA
NUFIP2	631	-0.328558292425382	0.188768865094572	-0.384844912390231	-1.17083734551032	-1.2704259597868
CLASP1	600	-0.18149878381744	-0.290282413534097	-0.189551542923743	-0.165936192083415	-0.107467366602248
CLASP1	798	-0.20249878381744	-0.187282413534097	NA	NA	-0.340467366602248
CLASP1	1088	0.137501216182561	NA	-0.0305515429237429	-0.362936192083415	-0.249467366602248
WAPAL	77	0.156311640022426	0.0270207699484113	NA	NA	NA
WAPAL	221	-0.241688359977574	-0.166979230051589	0.0477002342154199	-0.151425178415863	0.288137623335175
WAPAL	223	-0.134688359977574	0.0820207699484113	-0.0412997657845801	0.143574821584137	-0.128862376664825
WAPAL	226	0.111311640022426	NA	-0.0032997657845801	-0.151425178415863	-0.0588623766648248
RBBP6	1145	-0.087150532338202	-0.237663428878821	-0.087521209357754	-0.114844424114973	-0.337984522600112
RBBP6	1294	0.193849467661798	-0.189663428878821	NA	NA	NA
HUWE1	1907	0.0503348788843941	NA	-0.855354850467821	-1.41465106808996	-1.33846481913198
HUWE1	2887	NA	-0.155985395260116	0.0266451495321786	-0.594651068089963	-0.659464819131982
HUWE1	2889	-0.0726651211156059	-0.0209853952601158	NA	NA	NA
PATL1	178	-0.184066476862552	-0.0747455092760762	0.177199922943498	-0.035570748592625	-0.0150859859115336
PBRM1	9	0.463803526489566	NA	0.151766792665514	0.033245489784668	-0.32750279882981
YRDC	37	-0.0440880086625024	0.0785010485665715	-0.163003223167019	-0.101100068434367	-0.0794637801046107
DDX42	98	0.0146788881895614	0.0741607597395932	0.0249617906485305	0.457984075269258	0.317960885444414
GATAD2A	114	-0.087074516648622	0.0474419741739063	-0.153122859149692	-0.265445753541911	-0.267971461077249
GATAD2A	189	-0.071074516648622	0.0664419741739063	0.123877140850308	0.118554246458089	0.254028538922751
RASAL3	231	0.182110233414017	0.18915369461637	NA	0.184551172527702	NA
VRK3	59	-0.418702077447315	-0.188678960293946	-0.329334633297998	NA	NA
SUGP1	491	NA	-0.221744616979028	-0.245299500835272	NA	NA
ZFPM1	901	0.352168215717531	0.136441206279641	0.663847604192881	0.657469140310578	0.593891405292056
ZFPM1	909	-0.190831784282469	-0.226558793720359	-0.244152395807119	0.00246914031057799	NA
RHOT1	283	-0.154421272525717	-0.101862277050235	NA	0.0045858446500596	-0.245382362015829
RAVER1	14	0.0331383939069583	0.00287192064440095	-0.137523355562284	NA	-0.10640512928111
RAVER1	463	-0.0188616060930417	0.027871920644401	-0.144523355562284	NA	-0.42840512928111
RAVER1	617	-0.0858616060930417	-0.153128079355599	-0.161523355562284	-0.37730069455201	-0.12140512928111
RAVER1	707	0.148138393906958	0.111871920644401	0.0714766444377161	1.08869930544799	-0.14240512928111
RPUSD2	68	0.0811584979911525	0.0651338286323737	-0.44353686337896	-0.65011934645059	-0.784818054085833
MIER1	160	0.0030550644104433	-0.203826933808749	NA	NA	NA
MIER1	166	0.157055064410443	-0.122826933808749	NA	NA	NA
FNBP4	432	-0.0464233485476769	-0.249481980259316	-0.283608415691949	-0.395878200432406	-0.241740671867391
FNBP4	516	0.0415766514523231	-0.449481980259316	-0.111608415691949	-0.168878200432406	-0.896740671867391
FNBP4	517	0.271576651452323	0.018518019740684	-0.106608415691949	-0.668878200432406	-0.226740671867391
CPSF7	188	-0.210799986167864	-0.321417180444267	NA	NA	0.285171872552815
CPSF7	194	-0.237799986167864	-0.0804171804442675	0.0531954245144897	-0.178295531610612	-0.0578281274471853
GCET2	87	-0.152575343747322	NA	-0.153947344284086	-0.284712457721692	NA
ARFGAP2	146	NA	NA	-0.101313816121642	-0.371910329736139	NA
NFATC2IP	204	0.174912709626395	0.181715429694993	0.365227790993326	0.28973347825813	0.353450606305339
NFATC2IP	338	0.370912709626395	NA	0.0802277909933262	-0.32226652174187	0.132450606305339
RBM15B	267	-0.245771401774041	-0.045105595209204	-0.279656541470665	-0.158336026603142	-0.357547059644951
ABCF1	105	0.140529895467503	0.011840183564671	NA	NA	NA
ABCF1	109	0.0355298954675026	-0.121159816435329	NA	NA	-0.331041519911831
ABCF1	228	-0.00147010453249739	-0.082159816435329	NA	-0.326747736300436	NA
BOD1L	2986	0.156773069040027	0.186800118051577	NA	NA	NA
SNIP1	35	-0.017503118082598	-0.139648059634778	0.146864272546507	-0.143644722383579	0.1846307677246
SMARCC2	278	NA	-0.221925970784761	-0.0897723471176098	0.0939273390728231	NA
SMARCC2	283	-0.0374408573416126	0.0510740292152389	-0.33077234711761	-0.898072660927177	-1.17237093385277
TBC1D15	201	0.231157559085426	NA	NA	-0.662272722414016	-0.768861695606458
TBC1D15	203	NA	NA	-0.328675831187799	-0.354272722414016	NA
TBC1D15	658	NA	0.0721383939069583	0.146324168812201	0.252727277585984	-1.39586169560646
PPIL4	178	0.238138683460394	0.313244320302886	-0.512376660959352	0.457457738328634	0.088681314339167
PHF10	250	-0.045381442435624	-0.282453673775516	-0.0420432815004523	-0.087864419110152	-0.348188848858013
CHTF18	871	0.162654634526038	0.051191249562623	-0.300873110694994	-0.155118072910656	0.0412486568442345
LEO1	658	-0.031360306348953	-0.150464621448684	NA	NA	NA
ATXN2L	111	0.0979084075749083	0.912048632925938	-0.00953006782262963	-0.397117551167994	-0.655953630383293
ATXN2L	558	0.0169084075749083	0.126048632925938	1.29746993217737	0.0258824488320059	-0.156953630383293
ATXN2L	594	NA	NA	NA	-0.268117551167994	-0.118953630383293
COBRA1	557	0.0625683446721651	0.194362552827735	0.122198988583171	0.0497670650668395	0.101288968776791
PALLD	511	0.261149726659005	0.409338434020062	0.333170319756977	NA	0.184362184149163
GATAD2B	122	-0.364273499951474	-0.103287343458794	NA	NA	NA
GATAD2B	129	-0.364273499951474	-0.103287343458794	NA	NA	NA
AHCTF1	1229	0.025608928027909	0.261244364393713	0.00230103390024403	0.25080296186249	0.150497464199445
AHCTF1	1541	-0.00639107197209097	0.035244364393713	0.187301033900244	NA	0.0884974641994449
DGCR8	92	-0.0029363166553026	0.227993411879549	0.104158858165373	-0.0540697431848149	0.304565424219661
DGCR8	95	0.0970636833446974	-0.641006588120451	-0.412841141834627	-0.708069743184815	-0.635434575780338
DGCR8	377	0.0730636833446974	-0.299006588120451	-0.504841141834627	-0.528069743184815	-0.315434575780339
PSMF1	152	-0.126873850863289	-0.0080194023091188	-0.127801953509284	NA	-0.168384102688436
PSMF1	153	-0.103873850863289	-0.0600194023091188	-0.135801953509284	-0.421047660835449	-0.276384102688436
GBF1	1318	-0.227632016844251	-0.25611483014339	-0.391463721965107	-0.116850636712325	-0.170057548733443
DOCK2	585	NA	-0.141837345510324	-0.21459413825971	-0.201977058698575	0.499808853153856
DOCK2	1688	0.137058864730584	0.506162654489676	NA	0.423022941301425	0.678808853153856
DOCK2	1733	NA	-0.236837345510324	-0.04559413825971	-0.161977058698575	0.500808853153856
TBC1D5	522	NA	NA	NA	-0.270242015767197	-0.361314918925854
TBC1D5	541	0.158110028827657	-0.028652468263863	-0.271315890208278	0.234757984232803	-0.276314918925854
LARP4B	524	NA	0.183638317999009	0.341439479280312	0.321103397714807	0.108053134377475
LARP4B	599	NA	-0.0143616820009911	0.143439479280312	NA	0.322053134377475
LARP4B	601	-0.0509990723607652	-0.0073616820009911	0.271439479280312	-0.032896602285193	0.274053134377475
HMHA1	23	-0.0396664336303143	-0.123691943843815	0.191197548512256	0.094375546914149	0.20902437656966
HMHA1	569	-0.0576664336303143	-0.0846919438438152	0.222197548512256	-0.028624453085851	-0.42097562343034
ANKS1A	661	NA	NA	0.313906076733622	0.312820993586037	NA
INPP5D	970	0.423830430153275	0.411774233276326	0.403901110007943	0.429884740025094	0.69936336711961
UFD1L	247	NA	0.293413009726725	0.040155575885027	-0.572787102256896	-0.0376901006440632
KHSRP	181	-0.127416402123003	-0.174131898732611	-0.175615689201755	-0.22201166095715	-0.45429976578458
KHSRP	480	0.0605835978769973	-0.122131898732611	0.0263843107982454	-0.0820116609571505	-0.31729976578458
USP7	18	0.018484422065084	0.0430527383939906	0.12809735814313	0.0303712490479847	0.0729241442578214
SYAP1	268	NA	0.15188699931318	0.130042392665864	NA	NA
EFHD2	74	NA	-0.599703269015472	-0.440010752136989	-0.866343263140827	-0.401124580674776
REPS1	170	-0.152632840541344	0.092824312144453	-0.141788496375274	-0.066784889945614	-0.0804786036853019
REPS1	173	-0.178632840541344	-0.089175687855547	-0.114788496375273	0.072215110054386	NA
REPS1	174	NA	-0.158175687855547	-0.0497884963752735	NA	0.282521396314698
REPS1	272	0.0873671594586556	NA	NA	0.912215110054386	0.678521396314698
REPS1	536	0.00236715945865559	0.614824312144453	NA	NA	NA
REPS1	543	NA	NA	-0.0487884963752735	-0.213784889945614	NA
REPS1	708	0.400367159458656	-0.002175687855547	NA	NA	NA
RBM33	41	-0.0763746060262303	-0.123349923905565	-0.0859210589914387	0.028749226736535	0.668112840664294
RBM33	205	0.28662539397377	-0.090349923905565	NA	NA	NA
PGM2	163	-0.272986385063196	-0.133410447914508	0.0289204095930638	-0.552052185092074	-0.102406466093163
PGM2	165	NA	0.289589552085492	0.0299204095930638	-0.00605218509207429	NA
RBM17	155	0.0520731550541867	-0.0103348877181699	0.0686366348390359	-0.214074147266704	NA
ZNF828	214	0.327841557136715	-0.127225795388426	NA	NA	NA
ZNF828	217	0.0058415571367151	0.0677742046115744	-0.296974699761266	-0.163479902996701	-0.0934139529314035
ZNF828	282	-0.0491584428632849	-0.0712257953884256	-0.0409746997612663	0.104520097003299	-0.154413952931404
ZNF828	284	0.203841557136715	NA	NA	-0.0414799029967009	0.104586047068597
ZNF828	286	0.203841557136715	NA	NA	-0.0414799029967009	0.0965860470685965
ZNF828	297	-0.0971584428632849	NA	NA	-0.0414799029967009	0.100586047068597
ZNF828	386	0.114841557136715	-0.0022257953884256	0.240025300238734	0.346520097003299	0.341586047068597
ZNF828	405	0.0278415571367151	-0.109225795388426	-0.0149746997612663	0.103520097003299	0.147586047068597
ZNF828	443	-0.112158442863285	-0.0282257953884256	-0.0779746997612663	-0.0434799029967009	0.0865860470685965
ZNF828	445	0.0308415571367151	-0.142225795388426	-0.131974699761266	-0.255479902996701	-0.164413952931403
ZNF828	452	-0.146158442863285	-0.215225795388426	0.0440253002387337	-0.0644799029967009	-0.0054139529314035
ZNF828	458	0.177841557136715	0.120774204611574	0.0280253002387337	-0.0214799029967009	0.0595860470685965
ZNF828	459	-0.122158442863285	-0.0812257953884256	0.0780253002387337	0.182520097003299	0.156586047068597
ZNF828	476	0.178841557136715	NA	NA	-0.0634799029967009	-0.224413952931403
ZNF828	627	0.299841557136715	-0.261225795388426	-0.314974699761266	-0.303479902996701	-0.119413952931403
L3MBTL3	583	0.0920481651801731	0.15663444353279	NA	NA	NA
ZFR	1054	0.186740443092196	0.301042392665864	NA	NA	NA
DOCK7	900	0.172983045556304	-0.15611695549097	NA	NA	NA
ZNF830	351	0.141371436560761	0.408116249612995	NA	NA	NA
ANKRD27	962	-0.145263877228813	0.268348967210841	0.308568026766477	-0.713129596545749	0.365666713270864
ARAP1	229	0.11124561451085	0.296707144172937	NA	NA	NA
RBM14	206	-0.088175687855547	-0.3400055336451	-0.092730946372508	-0.327416351686498	-0.438815630751737
RBM14	618	-0.037175687855547	NA	-0.084730946372508	0.000583648313502508	0.0491843692482633
PPP1R10	313	-0.114111627982963	0.217500293165193	0.163898720025469	-0.0601258343388798	-0.051560520719688
PPP1R10	315	-0.120111627982963	-0.119499706834807	0.093898720025469	NA	-0.271560520719688
PURB	101	0.401091138246183	0.220691778331853	NA	0.173890110540266	NA
ERBB2IP	440	NA	NA	NA	-0.713861513815196	-0.186623076509592
ERBB2IP	913	NA	NA	NA	-0.192861513815196	0.294376923490408
IWS1	73	-0.186836012383049	-0.067596790516696	NA	NA	NA
IWS1	75	-0.308836012383049	-0.067596790516696	NA	NA	NA
SIN3A	832	-0.172577704416213	-0.082883840466275	NA	NA	NA
RSF1	573	0.266868384760225	0.327595137387499	-0.053605441138148	0.389566986488782	0.223353040643389
RSF1	591	-0.0141316152397746	0.0765951373874993	0.038394558861852	0.117566986488782	0.258353040643389
RSF1	1274	-0.812131615239775	0.182595137387499	0.029394558861852	-0.018433013511218	0.645353040643389
RBM15	294	-0.050427688406378	-0.0449882614303587	-0.0433590073573042	0.20366410077879	NA
RBM15	568	0.082572311593622	-0.130988261430359	-0.0433590073573042	0.20366410077879	NA
RBM15	679	-0.080427688406378	-0.0389882614303587	-0.0633590073573042	-0.21533589922121	-0.00566346599311129
RBM15	680	-0.022427688406378	-0.0459882614303587	-0.0443590073573042	-0.0523358992212103	-0.0796634659931113
RBM15	700	-0.00942768840637799	-0.120988261430359	0.0386409926426958	0.0016641007787897	-0.163663465993111
SPEN	1278	-0.113022495754169	-0.094653911195188	-0.467167412922017	-0.116889992197649	NA
SPEN	1287	-0.214022495754169	-0.397653911195188	NA	NA	-0.382432792905368
FAM82A2	44	NA	NA	0.0919657402386999	-0.193732569165926	NA
FAM82A2	224	0.0869540043270008	NA	0.0939657402386999	-0.016732569165926	NA
FAM82A2	225	NA	NA	0.2229657402387	-0.171732569165926	-0.120186374903253
TCF12	62	0.193766845428428	0.431158130402808	0.181197062991687	NA	0.14406152925887
TCF12	67	NA	NA	-0.057802937008313	-0.195609043938528	NA
CDC5L	396	NA	NA	-0.826502159498252	-0.901536130476871	NA
PSMD1	270	0.193039439553843	0.382256062437356	0.343713309849626	-0.266530830785479	-0.446853724675615
PSMD1	273	0.146039439553843	0.382256062437356	0.343713309849626	-0.0315308307854791	-0.446853724675615
EIF3C;EIF3CL	39	0.0038249382580945	-0.0582338347455151	-0.161533711093115	0.277371210592517	0.273616328987784
MTR	2	NA	-0.249073455761897	-0.483067245893041	-0.557783708481175	NA
NCAPG	674	-0.073886255888786	0.052746966527534	0.061477378667713	0.169786795198618	-0.032047263540128
WDR77	5	-0.115370933562951	0.0390183605343057	-0.025425274903446	0.137996389705573	0.500226813792948
BUD13	159	-0.0835710864643149	0.0526022366801955	NA	NA	NA
BUD13	163	0.431428913535685	-0.0963977633198045	-0.028603075507769	0.144855053120028	0.121945424962785
BUD13	325	-0.0835710864643149	0.0526022366801955	NA	NA	NA
RIOK1	22	-0.130164410283809	0.039470857762917	NA	NA	NA
DIDO1	1456	-0.18253531585704	0.0257566649273797	0.190609834696366	0.31200587129002	-0.0794682573063713
C10orf119	154	NA	0.0813547547854763	0.067588309496121	-0.11159228983786	-0.0672205735033867
PI4K2A	47	0.036890110540266	-0.0357937005601564	NA	NA	-0.85855551835469
PI4K2A	51	-0.099109889459734	0.000206299439843583	-0.0362243445561627	-0.077471794804065	-0.18655551835469
PI4K2A	462	-0.226109889459734	-0.0637937005601564	-0.00122434455616269	-0.077471794804065	-0.18655551835469
HNRNPUL1	194	-0.024785703909032	NA	-0.179082946307689	-0.259478768168508	0.19207445811219
WRAP53	54	-0.289773078053632	0.140763860866394	0.067247628453575	0.060953717505568	0.246089233536547
WRAP53	489	-0.292773078053632	0.835763860866394	-0.497752371546425	0.277953717505568	0.645089233536547
WRAP53	491	-0.042773078053632	0.368763860866394	0.026247628453575	0.277953717505568	0.645089233536547
HIRIP3	223	-0.37078929608387	0.0493536835778348	NA	NA	NA
HIRIP3	227	-0.37078929608387	0.0493536835778348	NA	NA	NA
RBM4;RBM4B	86	0.490874285531351	NA	NA	-0.266557029238833	-0.661041602415082
RPAP1	72	0.208002046544521	0.279006377628665	0.071284222790845	0.141090635451746	-0.155508806110622
SLC4A1AP	312	0.044927570605795	0.101407238077037	NA	NA	NA
SLC4A1AP	464	0.605927570605795	0.190407238077037	NA	NA	NA
SALL3	1196	0.085482330469981	-0.242956248737755	0.206487564145288	0.114506241074567	0.019161479058862
OSBPL11	179	-0.134067189838544	0.026188185011082	NA	-0.336783194834015	-1.05754430337755
SRRT	543	0.0397647818784224	0.133187808761182	0.252382938838006	-0.0717874653674397	-0.109167476325045
PITPNM2	368	NA	0.196553970289646	-0.0127525862520638	-0.027798747337297	NA
PITPNM2	399	NA	0.056553970289646	0.130247413747936	-0.236798747337297	NA
PITPNM2	400	-0.106660372548061	-0.015446029710354	0.113247413747936	-0.236798747337297	0.063841299266739
PITPNM2	644	0.0683396274519388	-0.557446029710354	NA	NA	NA
PITPNM2	702	0.0613396274519388	NA	0.263247413747936	-0.024798747337297	0.479841299266739
PITPNM2	1277	0.0613396274519388	NA	0.227247413747936	-0.024798747337297	0.479841299266739
UNK	385	0.417497162682902	-0.572176751675985	NA	0.10843203356195	0.105431437103716
UBE2O	838	NA	NA	-0.180167987404423	-0.0582997657845801	-0.112930417498344
BCL11B	129	0.142324114559482	0.149716204128228	-0.218116321760235	-0.384508250960121	-0.118223680883815
BCL11B	131	-0.066675885440518	-0.153283795871772	-0.0261163217602353	0.0374917490398792	0.100776319116185
BCL11B	159	-0.187675885440518	-0.248283795871772	0.0448836782397647	-0.0035082509601208	-0.083223680883815
BCL11B	169	0.138324114559482	0.0347162041282276	0.0478836782397647	-0.0545082509601208	0.080776319116185
BCL11B	401	-0.488675885440518	-0.126283795871772	NA	NA	0.088776319116185
BCL11B	406	NA	NA	0.408883678239765	0.267491749039879	NA
BCL11B	417	NA	-0.0122837958717724	0.103883678239765	0.117491749039879	0.234776319116185
BCL11B	678	NA	NA	-0.103116321760235	0.0194917490398792	-0.013223680883815
BCL11B	683	-0.038675885440518	-0.0372837958717724	-0.114116321760235	NA	-0.327223680883815
BCL11B	753	-0.012675885440518	0.353716204128228	0.0798836782397647	-0.127508250960121	-0.084223680883815
BCL11B	754	-0.077675885440518	NA	NA	-0.0355082509601208	0.017776319116185
BCL11B	772	0.070324114559482	-0.0612837958717724	0.254883678239765	0.0534917490398792	0.147776319116185
KLC2	582	0.000176726312648007	-0.168698460971509	0.24022093708563	-0.154452135874094	0.278541793862847
ILKAP	13	-0.0109018731746621	-0.252445740913747	-0.244894429587471	-0.157597914426345	-0.064198922082942
DDX47	11	-0.0086656950871895	-0.054261028045455	NA	NA	NA
C19orf61	32	-0.373313764598263	-0.253464250110312	-0.52066606627795	-0.462969269055033	NA
BCL11A	86	0.117747284505817	-0.182926903345694	-0.255738781782886	0.111111859861598	0.12985452819051
BCL11A	171	0.197747284505817	-0.0889269033456944	-0.361738781782886	-0.193888140138402	-0.00714547180949002
BCL11A	684	0.779747284505817	1.32707309665431	NA	NA	NA
ANAPC1	688	-0.154100068434367	0.016659289149111	-0.033910508159703	-0.224975996975533	-0.586358545884938
PNN	381	-0.0249878214648452	-0.0353682329180313	1.03943386537243	1.45235184178777	1.50304775520594
TMX1	247	-0.0707739050672307	0.025456576650734	0.00820629943984358	-0.152205819739195	-0.357605160002502
TMX1	270	0.134226094932769	0.549456576650734	0.0412062994398436	-0.424205819739195	-0.085605160002502
WHSC2	363	-0.0789483570022101	0.00631196073111701	0.00102938874064099	-0.284123527871812	0.014917695239588
WHSC2	365	NA	NA	-0.161970611259359	-0.159123527871812	NA
DNAJC5	10	-0.381865470109875	-0.0108612075439316	-0.61127986242343	NA	NA
DSN1	14	0.37365110166152	0.0178681012673893	-0.0283616820009911	0.0128780599661694	-0.24550075052647
DSN1	65	-0.86434889833848	-0.938131898732611	NA	NA	-0.55750075052647
SMARCAD1	124	0.566594516708452	-0.250567256396029	0.437728531678727	NA	NA
SMARCAD1	127	0.490594516708452	0.252432743603971	NA	NA	NA
SMARCAD1	152	0.490594516708452	0.252432743603971	NA	NA	NA
ESF1	153	0.0505958358826835	-0.0620424668523469	NA	NA	NA
ESF1	198	0.0505958358826835	-0.0620424668523469	NA	NA	NA
ESF1	657	-0.0124041641173165	-0.229042466852347	-0.0982161845669003	0.016545949846959	-0.151951602516807
ESF1	663	0.410595835882684	0.208957533147653	0.3627838154331	0.085545949846959	0.0960483974831935
C2orf44	690	0.314921351728791	NA	0.792170442880128	0.731812509899902	0.557638942113789
RRAGC	15	-0.4156576149239	-0.11927219780673	-0.00221748420385501	-0.406841624214837	-0.090135304321651
EML4	146	0.033957650865653	0.098469554486879	0.021435007895527	NA	0.253357482634136
NCOA5	9	-0.14544204406757	-0.0284866237429547	0.0686651122818301	-0.142085401367015	-0.067350000586046
CHD8	1995	0.313197150077341	-0.0789833265112861	0.562112840850249	0.083515615491244	0.426594516708452
HMG20A	105	0.079323964660477	0.0982204961705388	-0.191433648928588	-0.298288671123315	-0.515854440691226
DCP1A	315	0.191060796905114	0.452371210592517	0.695954916655499	0.180289869632797	0.399998467797002
DCP1A	319	0.384060796905114	0.662371210592517	0.695954916655499	0.180289869632797	NA
DCP1A	525	-0.208939203094886	0.0173712105925172	0.049954916655499	0.0902898696327972	-0.0050015322029976
RTN4	15	-0.242226388906381	-0.202857164270163	-0.279697033113174	-0.452233923345295	-0.215602333441547
RPRD1B	166	0.119748651234168	0.341087978324662	0.171736699929575	0.132468777349062	NA
DDX21	53	-0.0821546929289305	-0.04801475325773	0.268304068361915	0.199398730597198	0.319493980872165
EIF4ENIF1	572	-0.20677083176807	-0.320271048618258	0.143433802764197	-0.261614986220106	0.016905383742128
GRLF1	1179	0.0829095224430581	-0.0321882167699015	NA	NA	NA
TOMM22	15	0.174212444812105	0.411852521448652	0.58835529297707	0.557398063798478	1.07364018077877
KLC4	590	-0.039253344631512	-0.138132737214197	0.153882508533121	NA	-0.471020235669414
PDS5B	1257	-0.0518803124975594	-0.42394339098975	-0.0821584428632849	0.123496881917402	NA
PDS5B	1361	0.579119687502441	-0.30594339098975	-0.614158442863285	NA	NA
SMC4	27	NA	0.211865991843017	0.290999892488458	NA	NA
SMC4	28	0.203483671148752	NA	NA	0.518176878653136	0.607210396160215
SMC4	39	0.0834836711487516	0.0318659918430174	0.162999892488458	0.0671768786531364	0.0132103961602146
SMC4	41	NA	NA	0.276999892488458	0.0951768786531364	-0.180789603839785
SMC4	44	NA	NA	0.0989998924884581	0.0521768786531364	NA
INTS10	227	NA	NA	-0.151397972621328	-0.156582372688283	-0.219985262290727
POLR3E	161	0.092292362089149	0.173635403568329	NA	NA	NA
POLR3E	503	0.372292362089149	0.497635403568329	0.316419557765544	NA	-0.244121945656888
WDR70	638	-0.20833161539648	-0.135013918649945	NA	NA	NA
SLTM	1002	-0.170324708166401	-0.321676035339523	0.171558897449116	0.132820233291671	0.026445865834459
PPP4R2	226	0.490530678845944	0.334429889097255	0.026839745262456	-0.00913146870025991	0.247335104372443
TERF2IP	203	0.150096653272944	-0.00484372432621	-0.152936316655303	-0.013513610034351	-0.103348544428939
BCLAF1	175	-0.129254536418601	-0.0567021584043532	0.0317794125612347	-0.0029979534554795	0.324642437934493
BCLAF1	194	-0.134254536418601	-0.129702158404353	-0.0012205874387653	-0.0069979534554795	-0.0493575620655072
BCLAF1	196	-0.118254536418601	-0.0627021584043532	NA	NA	NA
BCLAF1	381	-0.099254536418601	-0.135702158404353	-0.0492205874387653	-0.0509979534554795	-0.0543575620655072
BCLAF1	395	0.002745463581399	NA	-0.194220587438765	-0.0699979534554795	-0.341357562065507
BCLAF1	400	NA	-0.359702158404353	-0.355220587438765	NA	NA
BCLAF1	510	0.00674546358139901	-0.260702158404353	-0.195220587438765	-0.49699795345548	-0.512357562065507
BCLAF1	656	0.453745463581399	0.608297841595647	NA	NA	NA
BCLAF1	886	-0.152254536418601	-0.133702158404353	-0.198220587438765	-0.0239979534554795	NA
MLTK;ZAK	593	NA	NA	-0.00529472859955601	-0.560829117565479	-0.179038076761338
CRKRS	681	0.195661121259884	0.281499976200718	NA	NA	NA
CRKRS	685	0.195661121259884	0.281499976200718	NA	NA	NA
CRKRS	1083	NA	-0.113500023799282	0.444112259406472	0.182982866215714	NA
C9orf78	15	0.206096653272944	0.182	NA	NA	NA
C9orf78	17	0.206096653272944	0.182	NA	NA	NA
GLTSCR1	1171	0.0358124924050211	0.186996371986216	0.216895627731892	0.159631868841394	0.238992330969515
PTPLAD1	114	0.124454096427749	NA	0.265506338681492	0.231296085657242	0.329479008551171
MYEF2	17	-0.0147153710146099	-0.0143746060262303	0.0746888759608133	-0.080054218341595	-0.222106336760274
TFIP11	98	-0.0601477468264449	0.0354048384797085	NA	NA	NA
PI4KB	410	0.502526720876682	0.0397232310216204	0.0229919215699141	0.137028769361257	-0.208231134905428
PI4KB	411	-0.198473279123318	-0.0502767689783796	NA	NA	NA
UBA2	207	NA	-0.507471559010701	0.531486888965491	NA	NA
ZMYM2	305	-0.19973618727892	0.296699917720952	-0.558549878347113	-0.603252553538304	-0.796570301805795
DAXX	593	0.064957107396655	0.299966089603492	0.06292205194559	-0.00781483477346001	0.405241931137494
DAXX	596	0.221957107396655	0.018966089603492	0.07192205194559	-0.15781483477346	0.178241931137494
STK39	385	-0.178525701158332	-0.411518727606022	NA	NA	NA
ADD3	649	-0.114301080451462	-0.080586375067439	0.105409764706353	-0.095906835805694	0.510577827185595
LRWD1	243	-0.202123171422626	-0.359126517663201	-0.378981639465694	-0.318943445128942	0.186913081643265
LRWD1	253	-0.0121231714226256	-0.124126517663201	-0.0469816394656943	0.0930565548710584	0.171913081643265
CHORDC1	47	0.277569745614386	0.164313904410996	NA	1.28460336714066	1.05956584981027
NRBP1	431	-0.0262620176059218	0.0304152666307512	NA	NA	0.311599532004847
EVL	303	0.0964363308062977	-0.032863233373052	0.00603995667728202	-0.380462184069582	-0.968987134472875
EVL	304	-0.123563669193702	-0.154863233373052	-0.099960043322718	-0.165462184069582	-0.160987134472875
EVL	329	-0.110563669193702	NA	-0.138960043322718	-0.167462184069582	-0.106987134472875
EVL	331	-0.0645636691937023	-0.253863233373052	-0.147960043322718	-0.247462184069582	-0.243987134472875
BAZ1B	1464	-0.244863189969504	-0.357341708973755	NA	NA	NA
DBNL	232	0.227955083301313	0.21555531908621	-0.353648158212225	-1.1887934770644	-1.0502590139205
CDC23	588	-0.109878509063707	0.0431796306290081	0.0573548342934641	0.411111226931307	0.106204498565168
AKAP11	1240	0.0632927672728535	-0.10984484692168	NA	NA	0.289906370290147
AKAP11	1242	0.292292767272853	NA	0.0216448193101382	-0.259703132245407	0.662906370290147
GPATCH8	572	0.309496319896196	0.137766792665514	NA	NA	0.257162654489676
GPATCH8	575	0.309496319896196	0.137766792665514	0.149600847493356	0.0287807953189575	-0.186837345510324
RALY	135	0.132640290376882	0.089967110048957	NA	0.235156825713946	0.030049033361449
RALY	286	-0.0393597096231177	-0.154032889951043	-0.136918880816096	-0.187843174286054	-0.114950966638551
RALY	288	0.0606402903768823	-0.154032889951043	-0.415918880816096	NA	NA
RALY	298	-0.0803597096231177	-0.096032889951043	NA	NA	NA
C2orf29	97	-0.122966379401829	NA	NA	-0.108	-0.193100370282985
ZNF295	422	0.526762485275887	-0.56787018431561	0.25835138557262	-0.335109889459734	NA
YEATS2	367	NA	-0.413181581015969	-0.00071090240112498	-0.290499706834807	0.014194716335888
G3BP2	225	0.090983568481207	0.402769012702141	NA	NA	0.0594963198961959
G3BP2	227	0.031983568481207	0.222769012702141	0.151835122578774	0.638311471376037	0.175496319896196
RBM16	617	0.0079805976908812	-0.0632798835526723	-0.0323616820009911	-0.036550547606327	0.273914014088466
SRRM2	322	0.0496591685412257	-0.166329309855506	NA	NA	-0.37909973846745
SRRM2	323	-0.0933408314587743	-0.208329309855506	NA	-0.201359053118247	-0.46009973846745
SRRM2	351	-0.337340831458774	-0.404329309855506	-0.545016645491962	0.178640946881753	-0.38009973846745
SRRM2	857	-0.0933408314587743	-0.247329309855506	NA	-0.197359053118247	-0.01609973846745
SRRM2	1003	0.0556591685412257	0.152670690144494	0.169983354508038	0.710640946881753	-0.24709973846745
SRRM2	1041	-0.0993408314587743	-0.163329309855506	NA	NA	NA
SRRM2	1042	-0.0233408314587743	-0.035329309855506	NA	NA	NA
SRRM2	1124	0.133659168541226	-0.102329309855506	0.0919833545080382	NA	0.44790026153255
SRRM2	1188	0.133659168541226	-0.102329309855506	0.0919833545080382	NA	0.44790026153255
SRRM2	1382	0.0256591685412257	-0.236329309855506	0.0529833545080382	0.132640946881753	0.03090026153255
SRRM2	2121	0.0856591685412257	-0.154329309855506	NA	NA	NA
SRRM2	2398	-0.207340831458774	-0.180329309855506	-0.0820166454919618	0.244640946881753	-0.29009973846745
SRRM2	2449	-0.0763408314587743	-0.166329309855506	NA	NA	-0.37909973846745
SRRM2	2456	-0.240340831458774	-0.363329309855506	-0.0370166454919618	0.143640946881753	NA
PA2G4	2	0.00231105857864971	-0.007651528064208	0.079941979904477	0.186398788875411	0.311289712715535
CDYL	15	-0.325125729690082	-0.245682605102694	-0.229645869592126	NA	-0.50962256400695
KDM2A	28	-0.04171170150781	-0.192591159868642	NA	NA	NA
KDM2A	869	-0.03271170150781	0.157408840131358	NA	NA	NA
THRAP3	243	-0.294066354802078	-0.0518992254351561	-0.195253040110124	NA	-0.240798404281434
THRAP3	379	-0.143066354802078	0.0041007745648439	NA	NA	NA
NOP58	502	-0.147836924534241	-0.184280818296883	-0.342267071777805	-0.258460055611497	-0.275737875025704
NOP58	514	0.407163075465759	0.209719181703117	0.100732928222195	-0.108460055611497	0.084262124974296
LUC7L2	17	-0.49000395623111	-0.415363119611716	-0.439887159335706	-0.368193556304206	NA
LUC7L2	18	-0.34200395623111	-0.494363119611716	-0.379887159335706	-0.443193556304206	NA
TSC22D4	167	-0.209733047110291	-0.352466755872473	-0.121521822536894	-0.237840012242027	-0.285637711550311
TSC22D4	225	-0.142733047110291	-0.179466755872473	NA	NA	NA
TLN1	425	-0.1056945211119	0.178461603923502	NA	-0.562737259765283	-0.531727158813438
VPRBP	999	0.117259175478013	-0.186272940161942	0.141371205253929	0.302968579022461	0.19834896721084
VPRBP	1002	NA	-0.062272940161942	-0.144628794746071	NA	NA
MMACHC	275	-0.145661711567695	0.281707252935381	0.294140166263924	0.10791431198187	0.757721659568037
UTP18	121	-0.064305450490457	-0.045114850590156	NA	NA	NA
UTP18	124	-0.247305450490457	-0.045114850590156	NA	NA	NA
UTP18	206	-0.022305450490457	0.241885149409844	NA	NA	NA
UTP18	210	-0.176305450490457	0.153885149409844	NA	NA	NA
RBM8A	55	0.227745090822354	0.105995565386201	0.0450631019009207	0.331526537329994	-0.0536307297516524
ARFGEF2	218	NA	NA	0.188849748024645	-0.2047411057436	NA
ARFGEF2	227	0.250324133151104	-0.172338538297741	-0.298150251975355	-0.0187411057436	0.131694233687083
MAD1L1	428	-0.470859019689231	-0.670195935587068	NA	NA	NA
DYNC1LI1	207	-0.583954526150479	-0.378332373035483	0.102451779163953	-0.247206343350201	-0.341990466766801
DYNC1LI1	510	-0.597954526150479	-0.577332373035483	-0.0475482208360467	-0.192206343350201	-0.182990466766801
DYNC1LI1	516	-0.0509545261504793	0.148667626964517	0.241451779163953	0.0147936566497987	0.00900953323319866
MORC2	723	0.173739157857679	0.027708602196968	-0.0596603725480612	0.262078738539815	0.281577606590899
MORC2	725	0.106739157857679	-0.241291397803032	NA	NA	NA
