time1 time2 time3 time4 time5
CHCHD3_46 0.0998806535912965 0.063859657922056 NA 0.764355277616421 1.08794621190532
CHCHD3_49 -0.133119346408703 -0.035140342077944 0.0656941113038451 0.520355277616421 2.37994621190533
ACIN1_352 NA NA NA 0.0841202401241334 1.08614522113821
MYL12A.MYL12B.MYL9_18 -0.03333161539648 -0.0307283897168938 0.73291109038635 0.111312161527231 1.01794041929667
MYL12A.MYL12B.MYL9_19 0.03966838460352 -0.103728389716894 0.87091109038635 0.172312161527231 1.01794041929667
TCF3_530 NA NA NA 0.798774425492461 0.83385174386588
HIST1H1B_18 -1.16960841569195 -0.415226523687867 -0.902945498550208 -0.611956248737755 0.193086378886066
STMN1_25 0.161060468156384 -0.0957500096611732 -0.111721204648632 0.469121548440499 1.61123905106692
CFL1_3 -0.482825238463533 -0.286313764598263 -0.335182897258149 -0.750149902550562 0.600440070114215
MCM2_106 NA -0.0133524596738524 0.909063803807606 0.54406136509343 0.907623909730721
MCM2_139 -0.0704462577260585 NA NA 0.85906136509343 0.871623909730721
TFAP4_124 0.281462487986107 1.3718932225608 2.27738403544134 1.5363412277008 1.32931935353604
NUP160_1157 0.435507417101288 -0.118325952811712 0.858773707066016 1.00259861792362 0.373789888643668
TAB1_7 NA NA 0.0203123430460691 0.604312343046069 1.43061896297172
DNTTIP2_136 0.167585152847626 0.28991791912896 0.35430822330885 0.967789368006237 0.49826144226872
ARHGEF2_125 -0.130560946775875 -0.667336468270638 -0.0573661806027313 -0.399975996975533 0.322296567127781
EDC4_871 -0.30837881987762 0.900108649401174 0.466086187669123 0.368382288311148 0.58137222538343
REPS1_272 0.0873671594586556 NA NA 0.912215110054386 0.678521396314698
RSF1_1274 -0.812131615239775 0.182595137387499 0.029394558861852 -0.018433013511218 0.645353040643389
WRAP53_489 -0.292773078053632 0.835763860866394 -0.497752371546425 0.277953717505568 0.645089233536547
PNN_381 -0.0249878214648452 -0.0353682329180313 1.03943386537243 1.45235184178777 1.50304775520594
C2orf44_690 0.314921351728791 NA 0.792170442880128 0.731812509899902 0.557638942113789
TOMM22_15 0.174212444812105 0.411852521448652 0.58835529297707 0.557398063798478 1.07364018077877
CHORDC1_47 0.277569745614386 0.164313904410996 NA 1.28460336714066 1.05956584981027
