time1 time2 time3 time4 time5
TP53BP1_1061 0.036057703460064 0.920686779257662 -0.252176180841309 0.103558658000364 -0.0364622095186031
LRRFIP2_96 -0.586848776559811 -0.294221344217204 NA -0.116498030701065 NA
PPP1R12C_378 -0.635739839172352 -0.584427002215525 -0.200074668370306 -0.367071698952367 -0.345494383422945
HNRNPC_107 0.545115485081262 0.539957276977024 NA NA NA
RABGEF1.KCTD7_389 0.21568752423464 0.779469017368442 NA NA NA
TKT_228 0.486362288449689 NA 0.31926018270914 0.0888156273005288 0.360558897449116
GARNL1_797 NA -0.638968640066459 -0.243132867964314 -0.397784158725256 NA
STX18_187 NA NA NA -1.55899654886108 1.00943060049775
SMN1.SMN2_25 -0.221518348818923 -0.0362340627040044 0.2856405139276 0.897720652895284 NA
PCM1_65 -0.304237891810821 -0.611482753801524 NA NA NA
PDPK1.PDPK2_214 0.643861451488449 -0.322074148140629 -0.248233949044338 NA -0.079243251550975
MAP1A_896 0.0089004021100788 NA 0.193469004331677 -0.652017049657129 -1.12035695181315
BCLAF1_656 0.453745463581399 0.608297841595647 NA NA NA
TUBA1C.TUBA1B_48 -0.636363363891263 -0.449652827740747 -1.43311603432152 -2.02738515924489 -2.35930409816962
RPTOR_564 -0.476774707497541 0.0131744169243166 NA NA NA
NAP1L4.NAP1L4b_5 -0.0136609539918379 -0.167274351124647 -0.812747959410134 -1.15279626602691 -0.93136540166252
CAD_1796 0.63164018077877 0.0634654367703005 -0.201832693699573 -0.343671864997798 -0.084042118612899
LIMA1_329 0.292734859081655 0.003650271732967 -0.70417181383756 -0.539224302643873 -1.11056522493694
DENR_69 -0.142967531411614 NA NA -1.60611571130846 -1.89535924561936
DENR_73 NA NA NA -1.72411571130846 -2.06535924561936
RGPD1.RGPD2_1519 -0.0277311389261909 -0.373146157836535 NA NA -3.3277767574544
UBAP2L_447 0.471103397714807 0.142481563450406 NA -0.347226930959973 -0.014753343316561
IGF2BP2_161 1.30969744361387 1.17402215265899 NA NA NA
PAPOLA_23 0.279779158048019 0.244760877852673 NA NA -1.14126637255349
HNRNPH1_63 0.233770581090255 -0.1316487081897 0.837754720993743 NA NA
PLCL1_458 0.536928155062359 0.360738519806929 NA NA NA
CWF19L2_356 NA -1.24500469937254 NA -0.05432468349682 -0.443388781521329
RCOR1_124 -0.163426412775891 NA -0.919028405178566 -0.354251314460476 -1.18183757884938
TOR1AIP1_143 0.584441974173906 0.320526720876682 NA NA NA
TK1_8 0.180763039741274 -1.09952920103831 -0.722847225039655 -0.809495933454101 -0.891168885274205
TK1_17 NA NA -0.696847225039655 -1.2104959334541 NA
GTPBP1_24 0.144751554455218 0.0822503847022501 -0.750649195871157 -0.247278828844071 -0.800454050153041
GTPBP1_25 -0.0342484455447817 0.0822503847022501 -1.60864919587116 NA NA
MPHOSPH10_167 0.420479982095188 0.555858764699754 NA NA NA
MPHOSPH10_171 0.420479982095188 0.555858764699754 NA NA NA
SGTA_81 0.136636636108737 0.58742143384574 NA NA NA
SGTA_301 0.136636636108737 0.58742143384574 NA NA NA
DKC1_21 -0.443042892603345 -1.39548148609139 NA NA NA
DKC1_497 0.167957107396655 -0.45248148609139 -1.63706117865656 -2.41408039326267 NA
N4BP1_300 -0.025275994858055 0.806141596869017 NA -0.357728573549117 NA
MTA2_435 -0.422327890360888 -0.872365328116627 -0.513398915175972 -0.963180160521137 -0.895376090269279
UBXN7_288 -0.57533488771817 0.137212111426851 -0.077584507214423 -0.148715083975813 0.058863432297287
LDHA_10 -0.0216939396681235 0.537083958671252 0.339918982163052 0.29819028907207 NA
RB1_373 0.302890260885926 -0.126692659871298 0.730928155062359 0.297838814724892 NA
RB1_823 -0.493109739114074 -0.139692659871298 -0.0850718449376407 -0.0801611852751083 -0.05634889833848
PDHA1_264 -0.131744865965084 -0.173511894415818 -0.883537189549755 -0.318275907358236 NA
PDHA1_269 -0.073744865965084 -0.184511894415818 -0.883537189549755 NA -0.215623549057006
BCR_459 0.103626752787107 NA 1.01819898858317 0.48894386529675 NA
UNG_23 -0.429378660257795 -0.93176699931695 -1.37058032994523 -2.39505284952042 -0.65634030924051
UNG_63 -0.390378660257795 0.71023300068305 -0.44958032994523 -1.14705284952042 0.57965969075949
LCP1_5 0.330009533233199 0.706685008788777 0.719166025584607 0.323546786535635 -0.004427355768929
BRAF_364 0.267799743157668 -0.559180783337709 NA 0.279040345433593 0.14736492290025
STMN1_31 -0.0239395318436163 0.0312499903388268 -0.0177212046486324 -1.0068784515595 -1.29776094893308
NCL_145 0.61690026153255 -0.0315375120138931 NA NA NA
NCL_563 0.07090026153255 -0.0545375120138931 -0.565687869671296 -1.4521055952092 -1.41957037957582
LMNB1_575 0.119190239634066 0.232835122578774 -1.0541034553977 -2.60395815534675 -2.54008268385199
OSBP_190 0.657785252492857 0.520066724189833 NA 0.051683370812017 NA
MCM3_708 NA 0.66168920407114 2.04420895157422 2.47186229790869 NA
MCM4_131 0.674572875450736 -0.418308060931975 -0.991871027525293 -0.881120726976741 -1.22929976578458
PGM1_115 -0.528693532616831 0.0781624211506208 -0.115517634615319 -0.232598145918628 -0.137935199235577
TMPO_74 NA 0.713647626115563 -0.61554837538509 -0.570543327162967 -0.315417046376454
TMPO_160 -0.340155759389872 -0.553352373884437 -0.57754837538509 NA NA
TMPO_74.1 NA 0.713647626115563 -0.61554837538509 -0.570543327162967 -0.315417046376454
TMPO_159 -0.291155759389872 -0.676352373884437 -1.89654837538509 -1.82054332716297 -2.94141704637645
TMPO_160.1 NA NA NA -1.74154332716297 -1.47341704637645
TMPO_306 -0.340155759389872 -0.553352373884437 -0.57754837538509 NA NA
RANBP2_955 0.0137730690400272 -0.0945672563960288 NA NA -1.91289915683298
FXR2_601 -0.0551716188844765 -0.760073656094133 NA NA NA
FXR2_603 -0.0551716188844765 -0.760073656094133 NA NA NA
HIST1H4A_48 0.112327553558425 0.58418957187911 NA NA 0.27924299893246
GTF2I_798 0.0700565548710584 0.0873114713760367 -1.32796633470011 NA -0.982471559010701
SRPK2_498 0.144393087120139 0.628532777116546 NA NA NA
FOXK1_436 -0.481459626133215 -0.658186350178901 -0.36125985245062 NA NA
FOXK1_441 -0.481459626133215 -0.658186350178901 -0.36125985245062 NA NA
FOXK1_445 -0.481459626133215 0.0548136498210986 NA NA NA
HNRNPU_59 0.0490683686276536 0.607580920630645 0.11661232285789 0.127915848087275 0.101843124433112
SPTBN1_2331 0.127413774808287 -0.481338416236568 -0.361363890039395 -1.09160368599191 -1.65756318111193
NCBP1_21 -0.30024884779649 0.55165003897144 0.446366532682192 0.117926889815889 -0.252035153691074
TRIM28_824 0.996602236680196 -0.668685611493323 NA -0.875524128203508 NA
G3BP1_232 0.0936515410809875 0.760174269395033 NA NA NA
STIM1_519 0.0381788698905194 NA -0.158722655610269 -0.360938724357805 -1.34880054986376
STIM1_608 -0.384821130109481 -0.0303577512147545 -0.126722655610269 -0.987938724357805 -1.39280054986376
SPTAN1_1029 -0.479845168138022 -0.176273499951474 -0.48156561515978 -0.145881962981029 -0.548368131158606
PUM1_209 0.881461530140996 -0.204000369614436 -1.05897599697553 -0.4746900551071 -1.60035041810502
SETDB1_1066 -0.163159745797028 NA -0.770178244087146 -0.445334012478187 0.089591153231601
NONO_361 -0.451270749512511 -0.648606059198516 -1.17271886988415 -1.73321814054009 -1.33148889763868
RABEP1_410 -0.683101375091967 0.00374341773453798 NA NA NA
C17orf85_500 -0.229347719851223 -0.653942920640966 -0.223593289573954 -0.355526928029039 0.056871500352277
FKBP15_1114 0.785543992198926 NA NA 0.0359653604171152 -0.0399796107294068
RPRD2_453 -0.809468057769387 -0.0994326275853059 NA NA NA
TBC1D9B_435 0.966094512729909 0.401148597180083 NA 2.0503745061903 -0.0907220019460974
ARHGAP17_575 -0.108843089875874 -0.384609335562422 NA -0.720574443276263 -1.15678707946212
KIAA1429_1578 0.500688975733969 0.121009533233199 -0.378693532616831 0.227475981597959 NA
EDC4_727 0.64162118012238 -0.140891350598826 NA NA NA
ALKBH5_69 0.582134804053023 0.496667449038825 NA NA NA
ALKBH5_361 0.582134804053023 0.496667449038825 NA NA NA
LARP1_90 0.420778883499072 0.397285900923257 0.994040415472771 0.928654634526038 NA
FIP1L1_221 -0.312896392402872 -0.408255404492787 NA NA -1.80535530029021
NUFIP2_631 -0.328558292425382 0.188768865094572 -0.384844912390231 -1.17083734551032 -1.2704259597868
HUWE1_1907 0.0503348788843941 NA -0.855354850467821 -1.41465106808996 -1.33846481913198
RAVER1_707 0.148138393906958 0.111871920644401 0.0714766444377161 1.08869930544799 -0.14240512928111
SMARCC2_283 -0.0374408573416126 0.0510740292152389 -0.33077234711761 -0.898072660927177 -1.17237093385277
TBC1D15_658 NA 0.0721383939069583 0.146324168812201 0.252727277585984 -1.39586169560646
ATXN2L_111 0.0979084075749083 0.912048632925938 -0.00953006782262963 -0.397117551167994 -0.655953630383293
ATXN2L_558 0.0169084075749083 0.126048632925938 1.29746993217737 0.0258824488320059 -0.156953630383293
DGCR8_95 0.0970636833446974 -0.641006588120451 -0.412841141834627 -0.708069743184815 -0.635434575780338
EFHD2_74 NA -0.599703269015472 -0.440010752136989 -0.866343263140827 -0.401124580674776
REPS1_536 0.00236715945865559 0.614824312144453 NA NA NA
CDC5L_396 NA NA -0.826502159498252 -0.901536130476871 NA
RBM4.RBM4B_86 0.490874285531351 NA NA -0.266557029238833 -0.661041602415082
SLC4A1AP_464 0.605927570605795 0.190407238077037 NA NA NA
OSBPL11_179 -0.134067189838544 0.026188185011082 NA -0.336783194834015 -1.05754430337755
PITPNM2_644 0.0683396274519388 -0.557446029710354 NA NA NA
UNK_385 0.417497162682902 -0.572176751675985 NA 0.10843203356195 0.105431437103716
BCL11B_401 -0.488675885440518 -0.126283795871772 NA NA 0.088776319116185
BCL11A_684 0.779747284505817 1.32707309665431 NA NA NA
TMX1_270 0.134226094932769 0.549456576650734 0.0412062994398436 -0.424205819739195 -0.085605160002502
DSN1_65 -0.86434889833848 -0.938131898732611 NA NA -0.55750075052647
SMARCAD1_124 0.566594516708452 -0.250567256396029 0.437728531678727 NA NA
SMARCAD1_127 0.490594516708452 0.252432743603971 NA NA NA
SMARCAD1_152 0.490594516708452 0.252432743603971 NA NA NA
DCP1A_315 0.191060796905114 0.452371210592517 0.695954916655499 0.180289869632797 0.399998467797002
DCP1A_319 0.384060796905114 0.662371210592517 0.695954916655499 0.180289869632797 NA
PDS5B_1361 0.579119687502441 -0.30594339098975 -0.614158442863285 NA NA
PPP4R2_226 0.490530678845944 0.334429889097255 0.026839745262456 -0.00913146870025991 0.247335104372443
BCLAF1_656.1 0.453745463581399 0.608297841595647 NA NA NA
PI4KB_410 0.502526720876682 0.0397232310216204 0.0229919215699141 0.137028769361257 -0.208231134905428
DBNL_232 0.227955083301313 0.21555531908621 -0.353648158212225 -1.1887934770644 -1.0502590139205
ZNF295_422 0.526762485275887 -0.56787018431561 0.25835138557262 -0.335109889459734 NA
LUC7L2_17 -0.49000395623111 -0.415363119611716 -0.439887159335706 -0.368193556304206 NA
MAD1L1_428 -0.470859019689231 -0.670195935587068 NA NA NA
DYNC1LI1_207 -0.583954526150479 -0.378332373035483 0.102451779163953 -0.247206343350201 -0.341990466766801
DYNC1LI1_510 -0.597954526150479 -0.577332373035483 -0.0475482208360467 -0.192206343350201 -0.182990466766801
